1714574152308 0.04807692307692308 10
1714574160457 0.09615384615384616 20
1714574168628 0.14423076923076922 30
1714574176840 0.19230769230769232 40
1714574185061 0.2403846153846154 50
1714574193282 0.28846153846153844 60
1714574201542 0.33653846153846156 70
1714574209807 0.38461538461538464 80
1714574218064 0.4326923076923077 90
1714574226354 0.4807692307692308 100
1714574247345 0.4807692307692308 100
1714574261477 0.5288461538461539 110
1714574269793 0.5769230769230769 120
1714574278124 0.625 130
1714574286469 0.6730769230769231 140
1714574294711 0.7211538461538461 150
1714574302912 0.7692307692307693 160
1714574311182 0.8173076923076923 170
1714574319414 0.8653846153846154 180
1714574327753 0.9134615384615384 190
1714574335996 0.9615384615384616 200
1714574357379 0.9615384615384616 200
1714574370818 1.0096153846153846 210
1714574379213 1.0576923076923077 220
1714574387483 1.1057692307692308 230
1714574395817 1.1538461538461537 240
1714574404082 1.2019230769230769 250
1714574412413 1.25 260
1714574420767 1.2980769230769231 270
1714574429000 1.3461538461538463 280
1714574437197 1.3942307692307692 290
1714574445381 1.4423076923076923 300
1714574466839 1.4423076923076923 300
1714574477906 1.4903846153846154 310
1714574486192 1.5384615384615383 320
1714574494491 1.5865384615384617 330
1714574502859 1.6346153846153846 340
1714574511201 1.6826923076923077 350
1714574519569 1.7307692307692308 360
1714574527970 1.7788461538461537 370
1714574536431 1.8269230769230769 380
1714574544764 1.875 390
1714574553063 1.9230769230769231 400
1714574574079 1.9230769230769231 400
1714574584730 1.9711538461538463 410
1714574592274 2.019230769230769 420
1714574600719 2.0673076923076925 430
1714574609012 2.1153846153846154 440
1714574617266 2.1634615384615383 450
1714574625489 2.2115384615384617 460
1714574633766 2.2596153846153846 470
1714574641829 2.3076923076923075 480
1714574649940 2.355769230769231 490
1714574658074 2.4038461538461537 500
1714574678643 2.4038461538461537 500
1714574689909 2.451923076923077 510
1714574697888 2.5 520
1714574705912 2.5480769230769234 530
1714574714323 2.5961538461538463 540
1714574722648 2.644230769230769 550
1714574730815 2.6923076923076925 560
1714574738981 2.7403846153846154 570
1714574747197 2.7884615384615383 580
1714574755459 2.8365384615384617 590
1714574763780 2.8846153846153846 600
1714574785199 2.8846153846153846 600
1714574796412 2.9326923076923075 610
1714574804598 2.980769230769231 620
1714574812156 3.0288461538461537 630
1714574820359 3.076923076923077 640
1714574828540 3.125 650
1714574836714 3.173076923076923 660
1714574844873 3.2211538461538463 670
1714574853039 3.269230769230769 680
1714574861191 3.3173076923076925 690
1714574869339 3.3653846153846154 700
1714574890641 3.3653846153846154 700
1714574902070 3.4134615384615383 710
1714574910278 3.4615384615384617 720
1714574918535 3.5096153846153846 730
1714574926709 3.5576923076923075 740
1714574934872 3.605769230769231 750
1714574943016 3.6538461538461537 760
1714574951228 3.7019230769230766 770
1714574959545 3.75 780
1714574967840 3.7980769230769234 790
1714574976188 3.8461538461538463 800
1714574997501 3.8461538461538463 800
1714575008045 3.894230769230769 810
1714575016374 3.9423076923076925 820
1714575024636 3.9903846153846154 830
1714575025814 4.0 832
1714575090676 4.0 832
1714575090697 4.0 0
1714575111839 4.0 832
1714575111850 4.0 0
