1714574152308 1.1452380418777466 10
1714574160457 2.0875344276428223 20
1714574168628 1.913527250289917 30
1714574176840 2.0478923320770264 40
1714574185061 2.149665355682373 50
1714574193282 2.449305772781372 60
1714574201542 1.885445475578308 70
1714574209807 2.2572710514068604 80
1714574218064 2.4659361839294434 90
1714574226354 2.6115798950195312 100
1714574261477 3.212782621383667 110
1714574269793 3.509838104248047 120
1714574278124 2.367821455001831 130
1714574286469 2.312678575515747 140
1714574294711 2.7184224128723145 150
1714574302912 4.934378147125244 160
1714574311182 2.1264657974243164 170
1714574319414 3.172287702560425 180
1714574327753 5.782342910766602 190
1714574335996 4.247413158416748 200
1714574370818 2.216831922531128 210
1714574379213 3.091648578643799 220
1714574387483 2.642287492752075 230
1714574395817 3.209960460662842 240
1714574404082 3.3434479236602783 250
1714574412413 1.323185920715332 260
1714574420767 3.5202279090881348 270
1714574429000 1.1564682722091675 280
1714574437197 2.5881857872009277 290
1714574445381 3.512590169906616 300
1714574477906 2.4759836196899414 310
1714574486192 1.8393359184265137 320
1714574494491 2.471601724624634 330
1714574502859 3.094367265701294 340
1714574511201 3.383419990539551 350
1714574519569 1.2115248441696167 360
1714574527970 2.013587474822998 370
1714574536431 2.8449957370758057 380
1714574544764 0.4606649875640869 390
1714574553063 1.0852477550506592 400
1714574584730 0.368466317653656 410
1714574592274 3.538214683532715 420
1714574600719 1.7579392194747925 430
1714574609012 1.5669833421707153 440
1714574617266 0.254550963640213 450
1714574625489 1.2841269969940186 460
1714574633766 4.693519592285156 470
1714574641829 4.841279983520508 480
1714574649940 1.4215688705444336 490
1714574658074 0.5726220607757568 500
1714574689909 3.2938084602355957 510
1714574697888 5.9147515296936035 520
1714574705912 0.42105555534362793 530
1714574714323 0.6333029270172119 540
1714574722648 0.1663675755262375 550
1714574730815 0.7203887701034546 560
1714574738981 0.4668044149875641 570
1714574747197 4.7321014404296875 580
1714574755459 3.3435630798339844 590
1714574763780 0.24659672379493713 600
1714574796412 2.95346999168396 610
1714574804598 0.3893512189388275 620
1714574812156 0.2024313062429428 630
1714574820359 0.167998269200325 640
1714574828540 0.324472576379776 650
1714574836714 0.24226713180541992 660
1714574844873 0.964203953742981 670
1714574853039 0.15532013773918152 680
1714574861191 2.142648935317993 690
1714574869339 0.1146896630525589 700
1714574902070 0.13087348639965057 710
1714574910278 0.11406459659337997 720
1714574918535 2.7597849369049072 730
1714574926709 0.12507782876491547 740
1714574934872 0.7771567702293396 750
1714574943016 0.08968041837215424 760
1714574951228 0.10754132270812988 770
1714574959545 1.0208098888397217 780
1714574967840 2.2253990173339844 790
1714574976188 0.09178268909454346 800
1714575008045 0.7928395867347717 810
1714575016374 1.707524061203003 820
1714575024636 0.23438340425491333 830
