1714574152308 0.00019759615384615386 10
1714574160457 0.0001951923076923077 20
1714574168628 0.00019278846153846155 30
1714574176840 0.00019038461538461538 40
1714574185061 0.00018798076923076925 50
1714574193282 0.0001855769230769231 60
1714574201542 0.00018317307692307692 70
1714574209807 0.00018076923076923077 80
1714574218064 0.00017836538461538464 90
1714574226354 0.00017596153846153846 100
1714574261477 0.0001735576923076923 110
1714574269793 0.00017115384615384616 120
1714574278124 0.00016875 130
1714574286469 0.00016634615384615386 140
1714574294711 0.0001639423076923077 150
1714574302912 0.00016153846153846155 160
1714574311182 0.00015913461538461537 170
1714574319414 0.00015673076923076925 180
1714574327753 0.0001543269230769231 190
1714574335996 0.00015192307692307692 200
1714574370818 0.00014951923076923077 210
1714574379213 0.00014711538461538464 220
1714574387483 0.00014471153846153846 230
1714574395817 0.0001423076923076923 240
1714574404082 0.00013990384615384616 250
1714574412413 0.0001375 260
1714574420767 0.00013509615384615386 270
1714574429000 0.0001326923076923077 280
1714574437197 0.00013028846153846155 290
1714574445381 0.00012788461538461537 300
1714574477906 0.00012548076923076922 310
1714574486192 0.0001230769230769231 320
1714574494491 0.00012067307692307692 330
1714574502859 0.00011826923076923078 340
1714574511201 0.00011586538461538463 350
1714574519569 0.00011346153846153846 360
1714574527970 0.00011105769230769232 370
1714574536431 0.00010865384615384615 380
1714574544764 0.00010625000000000001 390
1714574553063 0.00010384615384615386 400
1714574584730 0.00010144230769230769 410
1714574592274 9.903846153846155e-05 420
1714574600719 9.663461538461539e-05 430
1714574609012 9.423076923076924e-05 440
1714574617266 9.182692307692308e-05 450
1714574625489 8.942307692307693e-05 460
1714574633766 8.701923076923078e-05 470
1714574641829 8.461538461538461e-05 480
1714574649940 8.221153846153846e-05 490
1714574658074 7.980769230769231e-05 500
1714574689909 7.740384615384616e-05 510
1714574697888 7.500000000000001e-05 520
1714574705912 7.259615384615384e-05 530
1714574714323 7.019230769230769e-05 540
1714574722648 6.778846153846155e-05 550
1714574730815 6.538461538461539e-05 560
1714574738981 6.298076923076923e-05 570
1714574747197 6.0576923076923076e-05 580
1714574755459 5.817307692307693e-05 590
1714574763780 5.576923076923077e-05 600
1714574796412 5.336538461538462e-05 610
1714574804598 5.096153846153846e-05 620
1714574812156 4.855769230769231e-05 630
1714574820359 4.615384615384616e-05 640
1714574828540 4.375e-05 650
1714574836714 4.134615384615385e-05 660
1714574844873 3.8942307692307696e-05 670
1714574853039 3.653846153846154e-05 680
1714574861191 3.4134615384615386e-05 690
1714574869339 3.1730769230769234e-05 700
1714574902070 2.932692307692308e-05 710
1714574910278 2.6923076923076923e-05 720
1714574918535 2.4519230769230768e-05 730
1714574926709 2.2115384615384616e-05 740
1714574934872 1.971153846153846e-05 750
1714574943016 1.730769230769231e-05 760
1714574951228 1.4903846153846154e-05 770
1714574959545 1.25e-05 780
1714574967840 1.0096153846153847e-05 790
1714574976188 7.692307692307694e-06 800
1714575008045 5.288461538461538e-06 810
1714575016374 2.884615384615385e-06 820
1714575024636 4.807692307692308e-07 830
