1714574152308 3.1821 10
1714574160457 3.0352 20
1714574168628 2.8693 30
1714574176840 2.5844 40
1714574185061 2.3633 50
1714574193282 2.0985 60
1714574201542 1.838 70
1714574209807 1.661 80
1714574218064 1.5395 90
1714574226354 1.5004 100
1714574261477 1.2873 110
1714574269793 1.2687 120
1714574278124 1.2299 130
1714574286469 1.1756 140
1714574294711 0.9531 150
1714574302912 1.0873 160
1714574311182 0.9961 170
1714574319414 0.8014 180
1714574327753 0.8204 190
1714574335996 0.9572 200
1714574370818 0.6745 210
1714574379213 0.6596 220
1714574387483 0.704 230
1714574395817 0.5604 240
1714574404082 0.5104 250
1714574412413 0.4632 260
1714574420767 0.558 270
1714574429000 0.5318 280
1714574437197 0.431 290
1714574445381 0.5171 300
1714574477906 0.4474 310
1714574486192 0.476 320
1714574494491 0.4399 330
1714574502859 0.3704 340
1714574511201 0.3663 350
1714574519569 0.3797 360
1714574527970 0.3504 370
1714574536431 0.4774 380
1714574544764 0.3484 390
1714574553063 0.4106 400
1714574584730 0.2423 410
1714574592274 0.2564 420
1714574600719 0.1796 430
1714574609012 0.2069 440
1714574617266 0.2202 450
1714574625489 0.2574 460
1714574633766 0.2413 470
1714574641829 0.1666 480
1714574649940 0.1022 490
1714574658074 0.1881 500
1714574689909 0.1338 510
1714574697888 0.1369 520
1714574705912 0.1956 530
1714574714323 0.1102 540
1714574722648 0.132 550
1714574730815 0.1593 560
1714574738981 0.1496 570
1714574747197 0.143 580
1714574755459 0.1957 590
1714574763780 0.1743 600
1714574796412 0.1533 610
1714574804598 0.1509 620
1714574812156 0.0861 630
1714574820359 0.1271 640
1714574828540 0.0748 650
1714574836714 0.058 660
1714574844873 0.1083 670
1714574853039 0.0759 680
1714574861191 0.0846 690
1714574869339 0.0747 700
1714574902070 0.0552 710
1714574910278 0.0628 720
1714574918535 0.0681 730
1714574926709 0.0445 740
1714574934872 0.0858 750
1714574943016 0.0423 760
1714574951228 0.0633 770
1714574959545 0.0447 780
1714574967840 0.0529 790
1714574976188 0.0403 800
1714575008045 0.0648 810
1714575016374 0.039 820
1714575024636 0.055 830
