1714575800823 0.04807692307692308 10
1714575808861 0.09615384615384616 20
1714575816864 0.14423076923076922 30
1714575824813 0.19230769230769232 40
1714575832785 0.2403846153846154 50
1714575840570 0.28846153846153844 60
1714575848575 0.33653846153846156 70
1714575856281 0.38461538461538464 80
1714575864081 0.4326923076923077 90
1714575871942 0.4807692307692308 100
1714575892071 0.4807692307692308 100
1714575903491 0.5288461538461539 110
1714575911390 0.5769230769230769 120
1714575919177 0.625 130
1714575927142 0.6730769230769231 140
1714575935216 0.7211538461538461 150
1714575943150 0.7692307692307693 160
1714575951239 0.8173076923076923 170
1714575959572 0.8653846153846154 180
1714575967948 0.9134615384615384 190
1714575976529 0.9615384615384616 200
1714575997935 0.9615384615384616 200
1714576008841 1.0096153846153846 210
1714576017254 1.0576923076923077 220
1714576025728 1.1057692307692308 230
1714576034094 1.1538461538461537 240
1714576042494 1.2019230769230769 250
1714576050930 1.25 260
1714576059374 1.2980769230769231 270
1714576067819 1.3461538461538463 280
1714576075961 1.3942307692307692 290
1714576084430 1.4423076923076923 300
1714576105999 1.4423076923076923 300
1714576119491 1.4903846153846154 310
1714576127748 1.5384615384615383 320
1714576136195 1.5865384615384617 330
1714576144592 1.6346153846153846 340
1714576153089 1.6826923076923077 350
1714576161326 1.7307692307692308 360
1714576169666 1.7788461538461537 370
1714576177721 1.8269230769230769 380
1714576185789 1.875 390
1714576193837 1.9230769230769231 400
1714576215173 1.9230769230769231 400
1714576227240 1.9711538461538463 410
1714576234659 2.019230769230769 420
1714576242786 2.0673076923076925 430
1714576250840 2.1153846153846154 440
1714576259038 2.1634615384615383 450
1714576267185 2.2115384615384617 460
1714576275301 2.2596153846153846 470
1714576283320 2.3076923076923075 480
1714576291337 2.355769230769231 490
1714576299398 2.4038461538461537 500
1714576320339 2.4038461538461537 500
1714576332836 2.451923076923077 510
1714576340999 2.5 520
1714576349209 2.5480769230769234 530
1714576357558 2.5961538461538463 540
1714576365953 2.644230769230769 550
1714576374417 2.6923076923076925 560
1714576382590 2.7403846153846154 570
1714576390759 2.7884615384615383 580
1714576399252 2.8365384615384617 590
1714576407696 2.8846153846153846 600
1714576429090 2.8846153846153846 600
1714576443596 2.9326923076923075 610
1714576452031 2.980769230769231 620
1714576459612 3.0288461538461537 630
1714576467925 3.076923076923077 640
1714576476186 3.125 650
1714576484431 3.173076923076923 660
1714576492667 3.2211538461538463 670
1714576500964 3.269230769230769 680
1714576509277 3.3173076923076925 690
1714576517528 3.3653846153846154 700
1714576538217 3.3653846153846154 700
1714576551728 3.4134615384615383 710
1714576560047 3.4615384615384617 720
1714576568394 3.5096153846153846 730
1714576576552 3.5576923076923075 740
1714576584974 3.605769230769231 750
1714576593315 3.6538461538461537 760
1714576601469 3.7019230769230766 770
1714576609483 3.75 780
1714576617612 3.7980769230769234 790
1714576625780 3.8461538461538463 800
1714576646105 3.8461538461538463 800
1714576660033 3.894230769230769 810
1714576668052 3.9423076923076925 820
1714576676034 3.9903846153846154 830
1714576677173 4.0 832
1714576739070 4.0 832
1714576739084 4.0 0
1714576760010 4.0 832
1714576760020 4.0 0
