1714575800823 8.003792762756348 10
1714575808861 8.314798355102539 20
1714575816864 7.524439811706543 30
1714575824813 7.388338565826416 40
1714575832785 6.0890984535217285 50
1714575840570 5.951855659484863 60
1714575848575 5.557530403137207 70
1714575856281 6.82830810546875 80
1714575864081 8.414764404296875 90
1714575871942 4.762779712677002 100
1714575903491 8.19437313079834 110
1714575911390 4.706348896026611 120
1714575919177 5.837750434875488 130
1714575927142 2.7818875312805176 140
1714575935216 3.0366878509521484 150
1714575943150 7.50129508972168 160
1714575951239 5.289599418640137 170
1714575959572 4.791721343994141 180
1714575967948 7.573885917663574 190
1714575976529 6.70147705078125 200
1714576008841 4.639472007751465 210
1714576017254 4.23844575881958 220
1714576025728 5.2563652992248535 230
1714576034094 4.60119104385376 240
1714576042494 3.6481375694274902 250
1714576050930 3.5534908771514893 260
1714576059374 5.340018272399902 270
1714576067819 3.0323801040649414 280
1714576075961 3.3592424392700195 290
1714576084430 2.555790662765503 300
1714576119491 2.285423994064331 310
1714576127748 2.427133798599243 320
1714576136195 7.484405994415283 330
1714576144592 5.1674346923828125 340
1714576153089 5.945674419403076 350
1714576161326 4.9308905601501465 360
1714576169666 3.817000150680542 370
1714576177721 4.070425987243652 380
1714576185789 0.3076108992099762 390
1714576193837 5.145873546600342 400
1714576227240 0.29592806100845337 410
1714576234659 2.433290481567383 420
1714576242786 5.2588114738464355 430
1714576250840 0.7054597735404968 440
1714576259038 0.12736977636814117 450
1714576267185 1.4882420301437378 460
1714576275301 2.677204132080078 470
1714576283320 0.6861194372177124 480
1714576291337 0.6711294651031494 490
1714576299398 2.0446228981018066 500
1714576332836 0.058395933359861374 510
1714576340999 0.5569353699684143 520
1714576349209 1.017472267150879 530
1714576357558 0.2182193249464035 540
1714576365953 1.7103623151779175 550
1714576374417 1.983289122581482 560
1714576382590 0.11000983417034149 570
1714576390759 4.587395191192627 580
1714576399252 2.833505153656006 590
1714576407696 1.1826997995376587 600
1714576443596 1.0120065212249756 610
1714576452031 0.1424020379781723 620
1714576459612 0.03258059173822403 630
1714576467925 0.03313513845205307 640
1714576476186 0.8090329170227051 650
1714576484431 0.07924412935972214 660
1714576492667 0.038520775735378265 670
1714576500964 0.04032626375555992 680
1714576509277 1.0835081338882446 690
1714576517528 0.03402290493249893 700
1714576551728 0.046790000051259995 710
1714576560047 0.27264055609703064 720
1714576568394 0.09064768999814987 730
1714576576552 0.051125939935445786 740
1714576584974 0.0291267279535532 750
1714576593315 0.0848187580704689 760
1714576601469 0.032001793384552 770
1714576609483 2.2735447883605957 780
1714576617612 0.3128269612789154 790
1714576625780 0.013454915955662727 800
1714576660033 0.07974091172218323 810
1714576668052 0.0384589359164238 820
1714576676034 0.08888247609138489 830
