1714575800823 0.00019759615384615386 10
1714575808861 0.0001951923076923077 20
1714575816864 0.00019278846153846155 30
1714575824813 0.00019038461538461538 40
1714575832785 0.00018798076923076925 50
1714575840570 0.0001855769230769231 60
1714575848575 0.00018317307692307692 70
1714575856281 0.00018076923076923077 80
1714575864081 0.00017836538461538464 90
1714575871942 0.00017596153846153846 100
1714575903491 0.0001735576923076923 110
1714575911390 0.00017115384615384616 120
1714575919177 0.00016875 130
1714575927142 0.00016634615384615386 140
1714575935216 0.0001639423076923077 150
1714575943150 0.00016153846153846155 160
1714575951239 0.00015913461538461537 170
1714575959572 0.00015673076923076925 180
1714575967948 0.0001543269230769231 190
1714575976529 0.00015192307692307692 200
1714576008841 0.00014951923076923077 210
1714576017254 0.00014711538461538464 220
1714576025728 0.00014471153846153846 230
1714576034094 0.0001423076923076923 240
1714576042494 0.00013990384615384616 250
1714576050930 0.0001375 260
1714576059374 0.00013509615384615386 270
1714576067819 0.0001326923076923077 280
1714576075961 0.00013028846153846155 290
1714576084430 0.00012788461538461537 300
1714576119491 0.00012548076923076922 310
1714576127748 0.0001230769230769231 320
1714576136195 0.00012067307692307692 330
1714576144592 0.00011826923076923078 340
1714576153089 0.00011586538461538463 350
1714576161326 0.00011346153846153846 360
1714576169666 0.00011105769230769232 370
1714576177721 0.00010865384615384615 380
1714576185789 0.00010625000000000001 390
1714576193837 0.00010384615384615386 400
1714576227240 0.00010144230769230769 410
1714576234659 9.903846153846155e-05 420
1714576242786 9.663461538461539e-05 430
1714576250840 9.423076923076924e-05 440
1714576259038 9.182692307692308e-05 450
1714576267185 8.942307692307693e-05 460
1714576275301 8.701923076923078e-05 470
1714576283320 8.461538461538461e-05 480
1714576291337 8.221153846153846e-05 490
1714576299398 7.980769230769231e-05 500
1714576332836 7.740384615384616e-05 510
1714576340999 7.500000000000001e-05 520
1714576349209 7.259615384615384e-05 530
1714576357558 7.019230769230769e-05 540
1714576365953 6.778846153846155e-05 550
1714576374417 6.538461538461539e-05 560
1714576382590 6.298076923076923e-05 570
1714576390759 6.0576923076923076e-05 580
1714576399252 5.817307692307693e-05 590
1714576407696 5.576923076923077e-05 600
1714576443596 5.336538461538462e-05 610
1714576452031 5.096153846153846e-05 620
1714576459612 4.855769230769231e-05 630
1714576467925 4.615384615384616e-05 640
1714576476186 4.375e-05 650
1714576484431 4.134615384615385e-05 660
1714576492667 3.8942307692307696e-05 670
1714576500964 3.653846153846154e-05 680
1714576509277 3.4134615384615386e-05 690
1714576517528 3.1730769230769234e-05 700
1714576551728 2.932692307692308e-05 710
1714576560047 2.6923076923076923e-05 720
1714576568394 2.4519230769230768e-05 730
1714576576552 2.2115384615384616e-05 740
1714576584974 1.971153846153846e-05 750
1714576593315 1.730769230769231e-05 760
1714576601469 1.4903846153846154e-05 770
1714576609483 1.25e-05 780
1714576617612 1.0096153846153847e-05 790
1714576625780 7.692307692307694e-06 800
1714576660033 5.288461538461538e-06 810
1714576668052 2.884615384615385e-06 820
1714576676034 4.807692307692308e-07 830
