1714575800823 3.1504 10
1714575808861 2.3063 20
1714575816864 1.8279 30
1714575824813 1.3876 40
1714575832785 1.1249 50
1714575840570 0.8072 60
1714575848575 0.833 70
1714575856281 0.6305 80
1714575864081 0.8528 90
1714575871942 0.8095 100
1714575903491 0.6575 110
1714575911390 0.4592 120
1714575919177 0.6576 130
1714575927142 0.6007 140
1714575935216 0.428 150
1714575943150 0.6226 160
1714575951239 0.6513 170
1714575959572 0.4399 180
1714575967948 0.491 190
1714575976529 0.6505 200
1714576008841 0.3521 210
1714576017254 0.3529 220
1714576025728 0.3338 230
1714576034094 0.2811 240
1714576042494 0.2869 250
1714576050930 0.3206 260
1714576059374 0.2476 270
1714576067819 0.2812 280
1714576075961 0.2102 290
1714576084430 0.2892 300
1714576119491 0.3918 310
1714576127748 0.2173 320
1714576136195 0.2556 330
1714576144592 0.2366 340
1714576153089 0.2833 350
1714576161326 0.2215 360
1714576169666 0.3268 370
1714576177721 0.2535 380
1714576185789 0.2089 390
1714576193837 0.2358 400
1714576227240 0.137 410
1714576234659 0.1257 420
1714576242786 0.1156 430
1714576250840 0.0258 440
1714576259038 0.0616 450
1714576267185 0.0871 460
1714576275301 0.1221 470
1714576283320 0.0639 480
1714576291337 0.0614 490
1714576299398 0.0992 500
1714576332836 0.0228 510
1714576340999 0.0395 520
1714576349209 0.0502 530
1714576357558 0.0339 540
1714576365953 0.046 550
1714576374417 0.0663 560
1714576382590 0.0264 570
1714576390759 0.1144 580
1714576399252 0.0982 590
1714576407696 0.0353 600
1714576443596 0.0274 610
1714576452031 0.0433 620
1714576459612 0.0146 630
1714576467925 0.0095 640
1714576476186 0.0076 650
1714576484431 0.0055 660
1714576492667 0.0267 670
1714576500964 0.0061 680
1714576509277 0.0059 690
1714576517528 0.0076 700
1714576551728 0.0066 710
1714576560047 0.012 720
1714576568394 0.0054 730
1714576576552 0.0049 740
1714576584974 0.0134 750
1714576593315 0.0114 760
1714576601469 0.0038 770
1714576609483 0.0134 780
1714576617612 0.021 790
1714576625780 0.0031 800
1714576660033 0.0039 810
1714576668052 0.002 820
1714576676034 0.0027 830
