1714577335573 0.04807692307692308 10
1714577440787 0.09615384615384616 20
1714577535493 0.14423076923076922 30
1714577613067 0.19230769230769232 40
1714577727310 0.2403846153846154 50
1714578096877 0.28846153846153844 60
1714578359595 0.33653846153846156 70
1714578421792 0.38461538461538464 80
1714578500807 0.4326923076923077 90
1714578579936 0.4807692307692308 100
1714578603137 0.4807692307692308 100
1714578676692 0.5288461538461539 110
1714578747008 0.5769230769230769 120
1714578810978 0.625 130
1714578880405 0.6730769230769231 140
1714578954925 0.7211538461538461 150
