1714577335573 6.917953968048096 10
1714577440787 5.562737941741943 20
1714577535493 5.017523288726807 30
1714577613067 5.49599027633667 40
1714577727310 4.642372131347656 50
1714578096877 5.78546142578125 60
1714578359595 3.921640396118164 70
1714578421792 4.851082801818848 80
1714578500807 6.863317489624023 90
1714578579936 4.503885269165039 100
1714578676692 5.476613998413086 110
1714578747008 5.383883953094482 120
1714578810978 4.495659828186035 130
1714578880405 4.95476770401001 140
1714578954925 4.3093647956848145 150
