1714577335573 0.00019759615384615386 10
1714577440787 0.0001951923076923077 20
1714577535493 0.00019278846153846155 30
1714577613067 0.00019038461538461538 40
1714577727310 0.00018798076923076925 50
1714578096877 0.0001855769230769231 60
1714578359595 0.00018317307692307692 70
1714578421792 0.00018076923076923077 80
1714578500807 0.00017836538461538464 90
1714578579936 0.00017596153846153846 100
1714578676692 0.0001735576923076923 110
1714578747008 0.00017115384615384616 120
1714578810978 0.00016875 130
1714578880405 0.00016634615384615386 140
1714578954925 0.0001639423076923077 150
