1714821571507 0.015408320493066256 10
1714821577114 0.030816640986132512 20
1714821582862 0.046224961479198766 30
1714821588656 0.061633281972265024 40
1714821594314 0.07704160246533127 50
1714821600047 0.09244992295839753 60
1714821605730 0.10785824345146379 70
1714821611511 0.12326656394453005 80
1714821617210 0.1386748844375963 90
1714821622878 0.15408320493066255 100
1714821628437 0.1694915254237288 110
1714821634022 0.18489984591679506 120
1714821639618 0.20030816640986132 130
1714821645182 0.21571648690292758 140
1714821651008 0.23112480739599384 150
1714821656664 0.2465331278890601 160
1714821662312 0.26194144838212635 170
1714821667946 0.2773497688751926 180
1714821673570 0.29275808936825887 190
1714821679127 0.3081664098613251 200
1714821684889 0.3235747303543914 210
1714821690603 0.3389830508474576 220
1714821696209 0.3543913713405239 230
1714821701610 0.3697996918335901 240
1714821707028 0.3852080123266564 250
1714821712419 0.40061633281972264 260
1714821717814 0.41602465331278893 270
1714821723322 0.43143297380585516 280
1714821728742 0.44684129429892144 290
1714821734132 0.4622496147919877 300
1714821780731 0.4622496147919877 300
1714821787108 0.4776579352850539 310
1714821792545 0.4930662557781202 320
