1714821571507 nan 10
1714821577114 nan 20
1714821582862 nan 30
1714821588656 nan 40
1714821594314 nan 50
1714821600047 nan 60
1714821605730 nan 70
1714821611511 nan 80
1714821617210 nan 90
1714821622878 nan 100
1714821628437 nan 110
1714821634022 nan 120
1714821639618 nan 130
1714821645182 nan 140
1714821651008 nan 150
1714821656664 nan 160
1714821662312 nan 170
1714821667946 nan 180
1714821673570 nan 190
1714821679127 nan 200
1714821684889 nan 210
1714821690603 nan 220
1714821696209 nan 230
1714821701610 nan 240
1714821707028 nan 250
1714821712419 nan 260
1714821717814 nan 270
1714821723322 nan 280
1714821728742 nan 290
1714821734132 nan 300
1714821787108 nan 310
1714821792545 nan 320
