1714821571507 0.0001994863893168978 10
1714821577114 0.0001989727786337956 20
1714821582862 0.0001984591679506934 30
1714821588656 0.0001979455572675912 40
1714821594314 0.00019743194658448896 50
1714821600047 0.00019691833590138676 60
1714821605730 0.00019640472521828455 70
1714821611511 0.00019589111453518235 80
1714821617210 0.00019537750385208014 90
1714821622878 0.00019486389316897794 100
1714821628437 0.00019435028248587574 110
1714821634022 0.0001938366718027735 120
1714821639618 0.0001933230611196713 130
1714821645182 0.0001928094504365691 140
1714821651008 0.00019229583975346687 150
1714821656664 0.00019178222907036466 160
1714821662312 0.00019126861838726246 170
1714821667946 0.00019075500770416025 180
1714821673570 0.00019024139702105805 190
1714821679127 0.00018972778633795584 200
1714821684889 0.0001892141756548536 210
1714821690603 0.0001887005649717514 220
1714821696209 0.0001881869542886492 230
1714821701610 0.000187673343605547 240
1714821707028 0.0001871597329224448 250
1714821712419 0.0001866461222393426 260
1714821717814 0.0001861325115562404 270
1714821723322 0.00018561890087313818 280
1714821728742 0.00018510529019003595 290
1714821734132 0.00018459167950693375 300
1714821787108 0.00018407806882383154 310
1714821792545 0.00018356445814072934 320
