1714821571507 0.0 10
1714821577114 0.0 20
1714821582862 0.0 30
1714821588656 0.0 40
1714821594314 0.0 50
1714821600047 0.0 60
1714821605730 0.0 70
1714821611511 0.0 80
1714821617210 0.0 90
1714821622878 0.0 100
1714821628437 0.0 110
1714821634022 0.0 120
1714821639618 0.0 130
1714821645182 0.0 140
1714821651008 0.0 150
1714821656664 0.0 160
1714821662312 0.0 170
1714821667946 0.0 180
1714821673570 0.0 190
1714821679127 0.0 200
1714821684889 0.0 210
1714821690603 0.0 220
1714821696209 0.0 230
1714821701610 0.0 240
1714821707028 0.0 250
1714821712419 0.0 260
1714821717814 0.0 270
1714821723322 0.0 280
1714821728742 0.0 290
1714821734132 0.0 300
1714821787108 0.0 310
1714821792545 0.0 320
