1714686544414 0.007710100231303007 10
1714686552817 0.015420200462606014 20
1714686561163 0.02313030069390902 30
1714686569510 0.03084040092521203 40
1714686577829 0.03855050115651504 50
1714686586149 0.04626060138781804 60
1714686594474 0.05397070161912105 70
1714686602804 0.06168080185042406 80
1714686611282 0.06939090208172706 90
1714686619628 0.07710100231303008 100
1714686744781 0.07710100231303008 100
1714686754365 0.08481110254433308 110
1714686762019 0.09252120277563608 120
1714686769676 0.1002313030069391 130
1714686777348 0.1079414032382421 140
1714686785012 0.1156515034695451 150
1714686792675 0.12336160370084812 160
1714686800355 0.13107170393215112 170
1714686808037 0.13878180416345412 180
1714686815724 0.14649190439475712 190
1714686823401 0.15420200462606015 200
1714686949733 0.15420200462606015 200
1714686958589 0.16191210485736315 210
1714686966415 0.16962220508866616 220
1714686974229 0.17733230531996916 230
1714686982035 0.18504240555127216 240
1714686989857 0.19275250578257516 250
1714686997600 0.2004626060138782 260
1714687005311 0.2081727062451812 270
1714687013003 0.2158828064764842 280
1714687020690 0.2235929067077872 290
1714687028366 0.2313030069390902 300
1714687153631 0.2313030069390902 300
1714687162984 0.2390131071703932 310
1714687170748 0.24672320740169623 320
1714687178462 0.2544333076329992 330
1714687186149 0.26214340786430224 340
1714687193837 0.26985350809560527 350
1714687201533 0.27756360832690824 360
1714687209232 0.28527370855821127 370
1714687216949 0.29298380878951424 380
1714687224644 0.3006939090208173 390
1714687232318 0.3084040092521203 400
1714687359145 0.3084040092521203 400
1714687369070 0.3161141094834233 410
1714687376822 0.3238242097147263 420
1714687384571 0.3315343099460293 430
1714687392325 0.3392444101773323 440
1714687400080 0.3469545104086353 450
1714687407837 0.3546646106399383 460
1714687415589 0.36237471087124135 470
1714687423339 0.3700848111025443 480
1714687431093 0.37779491133384735 490
1714687438846 0.3855050115651503 500
1714687565961 0.3855050115651503 500
1714687576686 0.39321511179645335 510
1714687584487 0.4009252120277564 520
1714687592283 0.40863531225905936 530
1714687600014 0.4163454124903624 540
1714687607705 0.42405551272166536 550
1714687615401 0.4317656129529684 560
1714687623099 0.4394757131842714 570
1714687630781 0.4471858134155744 580
1714687638491 0.4548959136468774 590
1714687646190 0.4626060138781804 600
1714687771178 0.4626060138781804 600
1714687779891 0.47031611410948343 610
1714687787578 0.4780262143407864 620
1714687795271 0.48573631457208943 630
1714687802948 0.49344641480339246 640
1714687810651 0.5011565150346955 650
1714687818337 0.5088666152659984 660
1714687826027 0.5165767154973014 670
1714687833720 0.5242868157286045 680
1714687841416 0.5319969159599075 690
1714687849104 0.5397070161912105 700
1714728840653 0.5397070161912105 700
1714728849194 0.5474171164225135 710
1714728856726 0.5551272166538165 720
1714728864629 0.5628373168851195 730
1714728872317 0.5705474171164225 740
1714728880022 0.5782575173477256 750
1714728887690 0.5859676175790285 760
1714728895376 0.5936777178103315 770
1714728903073 0.6013878180416345 780
1714728910777 0.6090979182729376 790
1714728918518 0.6168080185042406 800
1714729044208 0.6168080185042406 800
1714729053640 0.6245181187355435 810
1714729061359 0.6322282189668466 820
1714729069063 0.6399383191981496 830
1714729076764 0.6476484194294526 840
1714729084520 0.6553585196607556 850
1714729092585 0.6630686198920586 860
1714729100513 0.6707787201233616 870
1714729108574 0.6784888203546646 880
1714729116556 0.6861989205859677 890
1714729124291 0.6939090208172706 900
1714729248079 0.6939090208172706 900
1714729259540 0.7016191210485736 910
1714729267277 0.7093292212798766 920
1714729274989 0.7170393215111797 930
1714729282700 0.7247494217424827 940
1714729290392 0.7324595219737856 950
1714729298090 0.7401696222050886 960
1714729305785 0.7478797224363917 970
1714729313481 0.7555898226676947 980
1714729321188 0.7632999228989977 990
1714729328897 0.7710100231303006 1000
1714729453740 0.7710100231303006 1000
1714729464253 0.7787201233616037 1010
1714729471982 0.7864302235929067 1020
1714729479700 0.7941403238242097 1030
1714729487424 0.8018504240555128 1040
1714729495139 0.8095605242868157 1050
1714729502864 0.8172706245181187 1060
1714729510582 0.8249807247494217 1070
1714729518322 0.8326908249807248 1080
1714729526043 0.8404009252120278 1090
1714729533770 0.8481110254433307 1100
1714729679920 0.8481110254433307 1100
1714729692629 0.8558211256746338 1110
1714729700348 0.8635312259059368 1120
1714729708055 0.8712413261372398 1130
1714729715757 0.8789514263685428 1140
1714729723467 0.8866615265998458 1150
1714729731180 0.8943716268311488 1160
1714729738899 0.9020817270624518 1170
1714729746610 0.9097918272937549 1180
1714729754344 0.9175019275250579 1190
1714729762067 0.9252120277563608 1200
1714729889451 0.9252120277563608 1200
1714729900943 0.9329221279876638 1210
1714729909185 0.9406322282189669 1220
1714729917471 0.9483423284502699 1230
1714729925776 0.9560524286815728 1240
1714729934012 0.9637625289128758 1250
1714729942280 0.9714726291441789 1260
1714729950582 0.9791827293754819 1270
1714729958999 0.9868928296067849 1280
1714729967464 0.9946029298380878 1290
1714729975374 1.002313030069391 1300
1714730113370 1.002313030069391 1300
1714730128236 1.010023130300694 1310
1714730137035 1.0177332305319968 1320
1714730145442 1.0254433307633 1330
1714730154029 1.0331534309946029 1340
1714730162229 1.040863531225906 1350
1714730170675 1.048573631457209 1360
1714730179178 1.0562837316885119 1370
1714730187811 1.063993831919815 1380
1714730196505 1.071703932151118 1390
1714730205197 1.079414032382421 1400
1714730346236 1.079414032382421 1400
1714730360000 1.087124132613724 1410
1714730368507 1.094834232845027 1420
1714730376849 1.10254433307633 1430
1714730385648 1.110254433307633 1440
1714730394315 1.117964533538936 1450
1714730402588 1.125674633770239 1460
1714730411185 1.133384734001542 1470
1714730419495 1.141094834232845 1480
1714730427680 1.148804934464148 1490
1714730435710 1.1565150346954511 1500
1714730571666 1.1565150346954511 1500
1714730583215 1.164225134926754 1510
1714730591612 1.171935235158057 1520
1714730599922 1.1796453353893601 1530
1714730608237 1.187355435620663 1540
1714730616401 1.195065535851966 1550
1714730624913 1.202775636083269 1560
1714730633066 1.210485736314572 1570
1714730641235 1.2181958365458752 1580
1714730649286 1.225905936777178 1590
1714730657464 1.2336160370084812 1600
1714730800666 1.2336160370084812 1600
1714730815026 1.2413261372397841 1610
1714730823766 1.249036237471087 1620
1714730832466 1.2567463377023902 1630
1714730841252 1.2644564379336931 1640
1714730850007 1.272166538164996 1650
1714730858784 1.2798766383962992 1660
1714730867543 1.287586738627602 1670
1714730876164 1.2952968388589052 1680
1714730884822 1.3030069390902081 1690
1714730893378 1.3107170393215113 1700
1714731031314 1.3107170393215113 1700
1714731045457 1.3184271395528142 1710
1714731053844 1.3261372397841171 1720
1714731062091 1.3338473400154203 1730
1714731070511 1.3415574402467232 1740
1714731079018 1.349267540478026 1750
1714731087313 1.3569776407093292 1760
1714731095761 1.3646877409406322 1770
1714731104707 1.3723978411719353 1780
1714731113500 1.3801079414032382 1790
1714731122287 1.3878180416345414 1800
1714731262299 1.3878180416345414 1800
1714731275861 1.3955281418658443 1810
1714731283877 1.4032382420971472 1820
1714731291906 1.4109483423284503 1830
1714731300021 1.4186584425597533 1840
1714731308255 1.4263685427910562 1850
1714731316564 1.4340786430223593 1860
1714731324872 1.4417887432536622 1870
1714731333221 1.4494988434849654 1880
1714731341558 1.4572089437162683 1890
1714731349728 1.4649190439475714 1900
1714731487509 1.4649190439475714 1900
1714731501664 1.4726291441788744 1910
1714731510414 1.4803392444101773 1920
1714731519221 1.4880493446414804 1930
1714731528067 1.4957594448727833 1940
1714731536906 1.5034695451040863 1950
1714731545789 1.5111796453353894 1960
1714731554598 1.5188897455666923 1970
1714731563443 1.5265998457979952 1980
1714731572365 1.5343099460292984 1990
1714731581251 1.5420200462606015 2000
1714731724292 1.5420200462606015 2000
1714731738972 1.5497301464919044 2010
1714731747926 1.5574402467232074 2020
1714731756812 1.5651503469545105 2030
1714731765729 1.5728604471858134 2040
1714731774613 1.5805705474171163 2050
1714731783480 1.5882806476484195 2060
1714731792333 1.5959907478797224 2070
1714731801242 1.6037008481110253 2080
1714731810111 1.6114109483423285 2090
1714731819042 1.6191210485736316 2100
1714731957353 1.6191210485736316 2100
1714731971199 1.6268311488049345 2110
1714731979523 1.6345412490362374 2120
1714731987970 1.6422513492675406 2130
1714731996519 1.6499614494988435 2140
1714732004998 1.6576715497301464 2150
1714732013534 1.6653816499614496 2160
1714732021992 1.6730917501927525 2170
1714732030576 1.6808018504240554 2180
1714732039086 1.6885119506553585 2190
1714732047295 1.6962220508866617 2200
1714732185849 1.6962220508866617 2200
1714732200245 1.7039321511179646 2210
1714732208772 1.7116422513492675 2220
1714732217306 1.7193523515805706 2230
1714732225897 1.7270624518118736 2240
1714732234549 1.7347725520431765 2250
1714732243090 1.7424826522744796 2260
1714732251663 1.7501927525057825 2270
1714732260258 1.7579028527370855 2280
1714732268866 1.7656129529683886 2290
1714732277432 1.7733230531996917 2300
1714732417020 1.7733230531996917 2300
1714732430736 1.7810331534309944 2310
1714732438603 1.7887432536622976 2320
1714732446673 1.7964533538936007 2330
1714732454873 1.8041634541249036 2340
1714732463448 1.8118735543562066 2350
1714732471652 1.8195836545875097 2360
1714732479819 1.8272937548188126 2370
1714732487816 1.8350038550501155 2380
1714732495918 1.8427139552814187 2390
1714732503904 1.8504240555127218 2400
1714732640148 1.8504240555127218 2400
1714732654511 1.8581341557440245 2410
1714732662938 1.8658442559753277 2420
1714732671472 1.8735543562066308 2430
1714732679970 1.8812644564379337 2440
1714732688431 1.8889745566692366 2450
1714732696966 1.8966846569005398 2460
1714732705452 1.9043947571318427 2470
1714732714048 1.9121048573631456 2480
1714732722559 1.9198149575944488 2490
1714732731077 1.927525057825752 2500
1714732866972 1.927525057825752 2500
1714732879728 1.9352351580570546 2510
1714732887349 1.9429452582883577 2520
1714732894973 1.9506553585196609 2530
1714732902574 1.9583654587509638 2540
1714732910175 1.9660755589822667 2550
1714732917788 1.9737856592135699 2560
1714732925410 1.9814957594448728 2570
1714732933042 1.9892058596761757 2580
1714732940653 1.9969159599074788 2590
1714732947676 2.004626060138782 2600
1714733083725 2.004626060138782 2600
1714733097493 2.0123361603700847 2610
1714733105879 2.020046260601388 2620
1714733114211 2.027756360832691 2630
1714733122500 2.0354664610639936 2640
1714733130560 2.043176561295297 2650
1714733139102 2.0508866615266 2660
1714733147551 2.058596761757903 2670
1714733156183 2.0663068619892058 2680
1714733164736 2.074016962220509 2690
1714733172768 2.081727062451812 2700
1714733310260 2.081727062451812 2700
1714733324115 2.0894371626831147 2710
1714733332561 2.097147262914418 2720
1714733340965 2.104857363145721 2730
1714733349472 2.1125674633770237 2740
1714733357974 2.120277563608327 2750
1714733366425 2.12798766383963 2760
1714733374871 2.135697764070933 2770
1714733383268 2.143407864302236 2780
1714733391584 2.151117964533539 2790
1714733399950 2.158828064764842 2800
1714733537172 2.158828064764842 2800
1714733551312 2.166538164996145 2810
1714733559689 2.174248265227448 2820
1714733567998 2.181958365458751 2830
1714733576256 2.189668465690054 2840
1714733584419 2.197378565921357 2850
1714733592593 2.20508866615266 2860
1714733600849 2.212798766383963 2870
1714733609172 2.220508866615266 2880
1714733617482 2.228218966846569 2890
1714733625736 2.235929067077872 2900
1714733760763 2.235929067077872 2900
1714733773517 2.243639167309175 2910
1714733781898 2.251349267540478 2920
1714733789866 2.259059367771781 2930
1714733797704 2.266769468003084 2940
1714733805896 2.274479568234387 2950
1714733814262 2.28218966846569 2960
1714733822632 2.2898997686969933 2970
1714733830490 2.297609868928296 2980
1714733838382 2.305319969159599 2990
1714733846180 2.3130300693909023 3000
1714733970632 2.3130300693909023 3000
1714733982428 2.320740169622205 3010
1714733989811 2.328450269853508 3020
1714733997223 2.3361603700848113 3030
1714734004604 2.343870470316114 3040
1714734011995 2.351580570547417 3050
1714734019436 2.3592906707787202 3060
1714734026847 2.367000771010023 3070
1714734034265 2.374710871241326 3080
1714734041667 2.382420971472629 3090
1714734049062 2.390131071703932 3100
1714734170083 2.390131071703932 3100
1714734180977 2.397841171935235 3110
1714734188355 2.405551272166538 3120
1714734195740 2.4132613723978413 3130
1714734203130 2.420971472629144 3140
1714734210518 2.428681572860447 3150
1714734217921 2.4363916730917503 3160
1714734225305 2.444101773323053 3170
1714734232711 2.451811873554356 3180
1714734240098 2.4595219737856593 3190
1714734247496 2.4672320740169624 3200
1714734368483 2.4672320740169624 3200
1714734378264 2.474942174248265 3210
1714734385639 2.4826522744795683 3220
1714734393014 2.4903623747108714 3230
1714734400428 2.498072474942174 3240
1714734407822 2.5057825751734772 3250
1714734415238 2.5134926754047804 3260
1714734422655 2.521202775636083 3270
1714734430057 2.5289128758673862 3280
1714734437439 2.5366229760986894 3290
1714734444826 2.544333076329992 3300
1714734565868 2.544333076329992 3300
1714734577697 2.552043176561295 3310
1714734585097 2.5597532767925983 3320
1714734592492 2.567463377023901 3330
1714734599880 2.575173477255204 3340
1714734607278 2.5828835774865073 3350
1714734614679 2.5905936777178105 3360
1714734622069 2.5983037779491136 3370
1714734629476 2.6060138781804163 3380
1714734636873 2.6137239784117194 3390
1714734644270 2.6214340786430226 3400
1714734765338 2.6214340786430226 3400
1714734777437 2.6291441788743253 3410
1714734784833 2.6368542791056284 3420
1714734792222 2.6445643793369316 3430
1714734799644 2.6522744795682343 3440
1714734807050 2.6599845797995374 3450
1714734814450 2.6676946800308405 3460
1714734821864 2.6754047802621432 3470
1714734829257 2.6831148804934464 3480
1714734836664 2.6908249807247495 3490
1714734844076 2.698535080956052 3500
1714734965012 2.698535080956052 3500
1714734978366 2.7062451811873554 3510
1714734985766 2.7139552814186585 3520
1714734993178 2.721665381649961 3530
1714735000578 2.7293754818812643 3540
1714735007978 2.7370855821125675 3550
1714735015406 2.7447956823438706 3560
1714735022838 2.7525057825751738 3570
1714735030254 2.7602158828064765 3580
1714735037670 2.7679259830377796 3590
1714735045081 2.7756360832690827 3600
1714735166350 2.7756360832690827 3600
1714735177781 2.7833461835003854 3610
1714735185183 2.7910562837316886 3620
1714735192598 2.7987663839629917 3630
1714735200028 2.8064764841942944 3640
1714735207425 2.8141865844255975 3650
1714735214819 2.8218966846569007 3660
1714735222235 2.8296067848882034 3670
1714735229657 2.8373168851195065 3680
1714735237059 2.8450269853508097 3690
1714735244465 2.8527370855821124 3700
1714735365391 2.8527370855821124 3700
1714735377666 2.8604471858134155 3710
1714735385065 2.8681572860447186 3720
1714735392472 2.8758673862760213 3730
1714735399883 2.8835774865073245 3740
1714735407271 2.8912875867386276 3750
1714735414684 2.8989976869699308 3760
1714735422074 2.9067077872012335 3770
1714735429465 2.9144178874325366 3780
1714735436848 2.9221279876638397 3790
1714735444242 2.929838087895143 3800
1714735567710 2.929838087895143 3800
1714735581202 2.9375481881264456 3810
1714735588880 2.9452582883577487 3820
1714735596585 2.952968388589052 3830
1714735604259 2.9606784888203546 3840
1714735611944 2.9683885890516577 3850
1714735619630 2.976098689282961 3860
1714735627327 2.9838087895142635 3870
1714735635030 2.9915188897455667 3880
1714735642710 2.99922898997687 3890
1714735649866 3.0069390902081725 3900
1714735777130 3.0069390902081725 3900
1714735791042 3.0146491904394757 3910
1714735798738 3.022359290670779 3920
1714735806451 3.030069390902082 3930
1714735814142 3.0377794911333846 3940
1714735821836 3.0454895913646878 3950
1714735829533 3.053199691595991 3960
1714735837251 3.0609097918272936 3970
1714735845025 3.0686198920585968 3980
1714735853455 3.0763299922899 3990
1714735861651 3.0840400925212026 4000
1714735991471 3.0840400925212026 4000
1714736004963 3.0917501927525057 4010
1714736012890 3.099460292983809 4020
1714736021108 3.107170393215112 4030
1714736029242 3.1148804934464147 4040
1714736037091 3.122590593677718 4050
1714736044794 3.130300693909021 4060
1714736052502 3.1380107941403237 4070
1714736060197 3.145720894371627 4080
1714736067895 3.15343099460293 4090
1714736075626 3.1611410948342327 4100
1714736217564 3.1611410948342327 4100
1714736232219 3.168851195065536 4110
1714736240998 3.176561295296839 4120
1714736250053 3.1842713955281416 4130
1714736260155 3.191981495759445 4140
1714736270147 3.199691595990748 4150
1714736280306 3.207401696222051 4160
1714736289670 3.2151117964533538 4170
1714736298533 3.222821896684657 4180
1714736307367 3.23053199691596 4190
1714736316156 3.2382420971472627 4200
1714736468235 3.2382420971472627 4200
1714736482662 3.245952197378566 4210
1714736491614 3.253662297609869 4220
1714736500994 3.261372397841172 4230
1714736509790 3.269082498072475 4240
1714736518631 3.276792598303778 4250
1714736527501 3.284502698535081 4260
1714736536332 3.292212798766384 4270
1714736545136 3.299922898997687 4280
1714736553940 3.30763299922899 4290
1714736562764 3.315343099460293 4300
1714736709951 3.315343099460293 4300
1714736724809 3.323053199691596 4310
1714736733481 3.330763299922899 4320
1714736742170 3.338473400154202 4330
1714736750833 3.346183500385505 4340
1714736759499 3.353893600616808 4350
1714736768393 3.3616037008481108 4360
1714736777299 3.369313801079414 4370
1714736785967 3.377023901310717 4380
1714736794658 3.38473400154202 4390
1714736803324 3.392444101773323 4400
1714736955025 3.392444101773323 4400
1714736969744 3.400154202004626 4410
1714736978431 3.407864302235929 4420
1714736987106 3.4155744024672323 4430
1714736995772 3.423284502698535 4440
1714737004576 3.430994602929838 4450
1714737013354 3.4387047031611413 4460
1714737022263 3.446414803392444 4470
1714737030979 3.454124903623747 4480
1714737039779 3.4618350038550503 4490
1714737048495 3.469545104086353 4500
1714737195421 3.469545104086353 4500
1714737209938 3.477255204317656 4510
1714737219326 3.4849653045489593 4520
1714737228707 3.492675404780262 4530
1714737237884 3.500385505011565 4540
1714737246802 3.5080956052428682 4550
1714737255561 3.515805705474171 4560
1714737264226 3.523515805705474 4570
1714737272893 3.531225905936777 4580
1714737281688 3.5389360061680804 4590
1714737290600 3.546646106399383 4600
1714737439416 3.546646106399383 4600
1714737453919 3.554356206630686 4610
1714737462564 3.5620663068619893 4620
1714737471221 3.5697764070932925 4630
1714737479892 3.577486507324595 4640
1714737488558 3.5851966075558983 4650
1714737497280 3.5929067077872014 4660
1714737505933 3.600616808018504 4670
1714737514628 3.6083269082498073 4680
1714737523367 3.6160370084811104 4690
1714737532038 3.623747108712413 4700
1714737709897 3.623747108712413 4700
1714737726071 3.6314572089437163 4710
1714737736807 3.6391673091750194 4720
1714737747506 3.646877409406322 4730
1714737758433 3.6545875096376252 4740
1714737769647 3.6622976098689284 4750
1714737780646 3.670007710100231 4760
1714737791385 3.677717810331534 4770
1714737802112 3.6854279105628374 4780
1714737812846 3.69313801079414 4790
1714737823562 3.700848111025443 4800
1714737992003 3.700848111025443 4800
1714738008389 3.7085582112567463 4810
1714738019087 3.7162683114880495 4820
1714738029755 3.7239784117193526 4830
1714738040422 3.7316885119506553 4840
1714738051159 3.7393986121819585 4850
1714738061873 3.7471087124132616 4860
1714738072541 3.7548188126445643 4870
1714738083230 3.7625289128758674 4880
1714738093971 3.7702390131071706 4890
1714738104640 3.7779491133384733 4900
1714738268698 3.7779491133384733 4900
1714738282599 3.7856592135697764 4910
1714738290728 3.7933693138010796 4920
1714738298956 3.8010794140323823 4930
1714738307183 3.8087895142636854 4940
1714738315777 3.8164996144949885 4950
1714738324378 3.8242097147262912 4960
1714738332822 3.8319198149575944 4970
1714738341252 3.8396299151888975 4980
1714738349680 3.8473400154202 4990
1714738358186 3.8550501156515034 5000
1714738500613 3.8550501156515034 5000
1714738515114 3.8627602158828065 5010
1714738524113 3.8704703161141096 5020
1714738532401 3.8781804163454123 5030
1714738540740 3.8858905165767155 5040
1714738549144 3.8936006168080186 5050
1714738557467 3.9013107170393218 5060
1714738565757 3.9090208172706244 5070
1714738573967 3.9167309175019276 5080
1714738582230 3.9244410177332307 5090
1714738590484 3.9321511179645334 5100
1714738727036 3.9321511179645334 5100
1714738741306 3.9398612181958366 5110
1714738749648 3.9475713184271397 5120
1714738757952 3.9552814186584424 5130
1714738766226 3.9629915188897455 5140
1714738774565 3.9707016191210487 5150
1714738782910 3.9784117193523514 5160
1714738791241 3.9861218195836545 5170
1714738799621 3.9938319198149577 5180
1714738805843 4.0 5188
1714739203927 4.0 5188
1714739203946 4.0 0
1714739331485 4.0 5188
1714739331495 4.0 0
