1714686544414 1.2704983949661255 10
1714686552817 1.0232690572738647 20
1714686561163 1.0978920459747314 30
1714686569510 1.2896440029144287 40
1714686577829 1.3522717952728271 50
1714686586149 1.1893376111984253 60
1714686594474 1.0625191926956177 70
1714686602804 1.2516403198242188 80
1714686611282 1.6137312650680542 90
1714686619628 1.4631545543670654 100
1714686754365 1.4766418933868408 110
1714686762019 1.6130234003067017 120
1714686769676 1.7144595384597778 130
1714686777348 1.9123258590698242 140
1714686785012 1.600816249847412 150
1714686792675 1.5699379444122314 160
1714686800355 1.552496075630188 170
1714686808037 1.6582285165786743 180
1714686815724 1.6817384958267212 190
1714686823401 1.8556134700775146 200
1714686958589 1.6228333711624146 210
1714686966415 1.7324063777923584 220
1714686974229 1.6627267599105835 230
1714686982035 1.692429542541504 240
1714686989857 1.7210232019424438 250
1714686997600 1.7045283317565918 260
1714687005311 1.7554805278778076 270
1714687013003 1.8421626091003418 280
1714687020690 1.9118378162384033 290
1714687028366 2.059861660003662 300
1714687162984 1.903011679649353 310
1714687170748 1.8051059246063232 320
1714687178462 1.905845046043396 330
1714687186149 2.0513291358947754 340
1714687193837 1.962233066558838 350
1714687201533 2.04248309135437 360
1714687209232 2.0592265129089355 370
1714687216949 1.9681246280670166 380
1714687224644 2.0802741050720215 390
1714687232318 2.2156269550323486 400
1714687369070 2.592613458633423 410
1714687376822 2.072550058364868 420
1714687384571 2.3442678451538086 430
1714687392325 1.9317233562469482 440
1714687400080 2.1697278022766113 450
1714687407837 2.0364327430725098 460
1714687415589 2.1360082626342773 470
1714687423339 2.2806808948516846 480
1714687431093 2.2006640434265137 490
1714687438846 2.321974992752075 500
1714687576686 2.4069199562072754 510
1714687584487 2.1184983253479004 520
1714687592283 2.8422954082489014 530
1714687600014 2.231245756149292 540
1714687607705 2.6497387886047363 550
1714687615401 2.5299432277679443 560
1714687623099 2.264094352722168 570
1714687630781 2.817152738571167 580
1714687638491 2.911508798599243 590
1714687646190 2.4020349979400635 600
1714687779891 2.270612955093384 610
1714687787578 2.5712368488311768 620
1714687795271 2.7616701126098633 630
1714687802948 2.406741142272949 640
1714687810651 2.5977783203125 650
1714687818337 2.704744338989258 660
1714687826027 2.849154472351074 670
1714687833720 2.9457449913024902 680
1714687841416 2.7374489307403564 690
1714687849104 2.6376609802246094 700
1714728849194 2.8788816928863525 710
1714728856726 2.406602621078491 720
1714728864629 2.544846296310425 730
1714728872317 2.6747710704803467 740
1714728880022 2.521450996398926 750
1714728887690 2.487518787384033 760
1714728895376 2.9856057167053223 770
1714728903073 3.1760213375091553 780
1714728910777 2.6872856616973877 790
1714728918518 2.8781981468200684 800
1714729053640 2.849621534347534 810
1714729061359 2.973611354827881 820
1714729069063 3.2092459201812744 830
1714729076764 2.733062982559204 840
1714729084520 3.0540988445281982 850
1714729092585 3.1402347087860107 860
1714729100513 2.619577407836914 870
1714729108574 2.3516008853912354 880
1714729116556 2.6966490745544434 890
1714729124291 2.484178304672241 900
1714729259540 3.374936103820801 910
1714729267277 2.867140531539917 920
1714729274989 2.8049261569976807 930
1714729282700 3.8106777667999268 940
1714729290392 3.376666307449341 950
1714729298090 3.2612247467041016 960
1714729305785 3.265366315841675 970
1714729313481 3.299283504486084 980
1714729321188 3.209444761276245 990
1714729328897 3.889267921447754 1000
1714729464253 3.2581958770751953 1010
1714729471982 3.1089181900024414 1020
1714729479700 3.390746831893921 1030
1714729487424 3.7897114753723145 1040
1714729495139 3.3024744987487793 1050
1714729502864 2.4255406856536865 1060
1714729510582 2.884927272796631 1070
1714729518322 2.721456289291382 1080
1714729526043 3.271254539489746 1090
1714729533770 3.0702497959136963 1100
1714729692629 3.9667179584503174 1110
1714729700348 3.6256983280181885 1120
1714729708055 2.34240984916687 1130
1714729715757 2.6789472103118896 1140
1714729723467 2.8289873600006104 1150
1714729731180 3.5299220085144043 1160
1714729738899 2.6339385509490967 1170
1714729746610 3.359606981277466 1180
1714729754344 2.8179914951324463 1190
1714729762067 3.6623897552490234 1200
1714729900943 3.914520740509033 1210
1714729909185 3.4919257164001465 1220
1714729917471 3.5974788665771484 1230
1714729925776 3.2152578830718994 1240
1714729934012 3.5259437561035156 1250
1714729942280 3.268407106399536 1260
1714729950582 2.8454649448394775 1270
1714729958999 3.2198331356048584 1280
1714729967464 4.06347131729126 1290
1714729975374 3.0996265411376953 1300
1714730128236 3.0539984703063965 1310
1714730137035 3.85127854347229 1320
1714730145442 3.5021135807037354 1330
1714730154029 3.868675947189331 1340
1714730162229 2.717813014984131 1350
1714730170675 3.8673596382141113 1360
1714730179178 4.378118515014648 1370
1714730187811 1.9133450984954834 1380
1714730196505 3.688992977142334 1390
1714730205197 2.7346279621124268 1400
1714730360000 2.9432313442230225 1410
1714730368507 2.355027198791504 1420
1714730376849 2.9369142055511475 1430
1714730385648 2.6146345138549805 1440
1714730394315 3.7352046966552734 1450
1714730402588 2.232365369796753 1460
1714730411185 3.2302560806274414 1470
1714730419495 2.838684558868408 1480
1714730427680 2.9066591262817383 1490
1714730435710 3.480924367904663 1500
1714730583215 2.939408302307129 1510
1714730591612 2.766871929168701 1520
1714730599922 3.052074909210205 1530
1714730608237 3.730534553527832 1540
1714730616401 2.927318811416626 1550
1714730624913 2.538363218307495 1560
1714730633066 2.802605390548706 1570
1714730641235 2.691598415374756 1580
1714730649286 2.787956953048706 1590
1714730657464 4.668502330780029 1600
1714730815026 2.5166854858398438 1610
1714730823766 3.0169646739959717 1620
1714730832466 4.070072174072266 1630
1714730841252 2.786745548248291 1640
1714730850007 3.85313081741333 1650
1714730858784 3.5292439460754395 1660
1714730867543 2.6312224864959717 1670
1714730876164 2.8122072219848633 1680
1714730884822 2.6786904335021973 1690
1714730893378 3.6625921726226807 1700
1714731045457 3.3980867862701416 1710
1714731053844 3.855386734008789 1720
1714731062091 3.477311372756958 1730
1714731070511 4.031056880950928 1740
1714731079018 2.961751699447632 1750
1714731087313 2.6216766834259033 1760
1714731095761 2.265679121017456 1770
1714731104707 2.8973042964935303 1780
1714731113500 2.11000919342041 1790
1714731122287 3.481039524078369 1800
1714731275861 3.3249964714050293 1810
1714731283877 2.826200008392334 1820
1714731291906 4.36859130859375 1830
1714731300021 2.6533472537994385 1840
1714731308255 1.8322038650512695 1850
1714731316564 5.0803914070129395 1860
1714731324872 3.057035207748413 1870
1714731333221 3.120084524154663 1880
1714731341558 3.4478702545166016 1890
1714731349728 4.02019739151001 1900
1714731501664 2.548387050628662 1910
1714731510414 3.4608397483825684 1920
1714731519221 5.08909797668457 1930
1714731528067 2.851529598236084 1940
1714731536906 3.444730520248413 1950
1714731545789 3.5589396953582764 1960
1714731554598 3.7418692111968994 1970
1714731563443 3.522709608078003 1980
1714731572365 4.179482936859131 1990
1714731581251 3.0468292236328125 2000
1714731738972 4.077423095703125 2010
1714731747926 3.2050344944000244 2020
1714731756812 4.301814079284668 2030
1714731765729 5.451102256774902 2040
1714731774613 1.0415059328079224 2050
1714731783480 4.510522365570068 2060
1714731792333 6.1385087966918945 2070
1714731801242 2.1468794345855713 2080
1714731810111 2.869485378265381 2090
1714731819042 3.719849109649658 2100
1714731971199 2.1599037647247314 2110
1714731979523 4.381593227386475 2120
1714731987970 3.676100969314575 2130
1714731996519 3.9381942749023438 2140
1714732004998 3.304835796356201 2150
1714732013534 4.033651351928711 2160
1714732021992 3.690635919570923 2170
1714732030576 2.8452160358428955 2180
1714732039086 4.178142547607422 2190
1714732047295 3.977668523788452 2200
1714732200245 2.3168513774871826 2210
1714732208772 3.9904589653015137 2220
1714732217306 3.2547953128814697 2230
1714732225897 3.251565456390381 2240
1714732234549 3.261528491973877 2250
1714732243090 2.6731672286987305 2260
1714732251663 3.2530181407928467 2270
1714732260258 2.2876007556915283 2280
1714732268866 5.099693298339844 2290
1714732277432 3.8430190086364746 2300
1714732430736 3.060415029525757 2310
1714732438603 3.3058245182037354 2320
1714732446673 4.3230881690979 2330
1714732454873 3.188629150390625 2340
1714732463448 5.111169338226318 2350
1714732471652 4.283782958984375 2360
1714732479819 4.262781143188477 2370
1714732487816 4.594127655029297 2380
1714732495918 3.7132785320281982 2390
1714732503904 2.8057820796966553 2400
1714732654511 2.8700296878814697 2410
1714732662938 7.30453634262085 2420
1714732671472 2.2280168533325195 2430
1714732679970 3.5609817504882812 2440
1714732688431 3.1815688610076904 2450
1714732696966 6.265247821807861 2460
1714732705452 6.120423793792725 2470
1714732714048 2.8384134769439697 2480
1714732722559 4.677588939666748 2490
1714732731077 4.145052909851074 2500
1714732879728 4.897144317626953 2510
1714732887349 4.189266681671143 2520
1714732894973 2.74941086769104 2530
1714732902574 3.5356619358062744 2540
1714732910175 3.2869656085968018 2550
1714732917788 2.1522200107574463 2560
1714732925410 2.9851083755493164 2570
1714732933042 2.2512876987457275 2580
1714732940653 3.01823091506958 2590
1714732947676 3.2409796714782715 2600
1714733097493 0.979913055896759 2610
1714733105879 1.97086501121521 2620
1714733114211 2.970524311065674 2630
1714733122500 3.927824020385742 2640
1714733130560 2.4443700313568115 2650
1714733139102 2.711090087890625 2660
1714733147551 1.8141582012176514 2670
1714733156183 3.879805088043213 2680
1714733164736 2.7075915336608887 2690
1714733172768 2.668707847595215 2700
1714733324115 2.5414066314697266 2710
1714733332561 1.383700966835022 2720
1714733340965 2.8401811122894287 2730
1714733349472 3.413926839828491 2740
1714733357974 2.544743299484253 2750
1714733366425 1.1729849576950073 2760
1714733374871 2.4496877193450928 2770
1714733383268 2.8266186714172363 2780
1714733391584 3.4391984939575195 2790
1714733399950 3.2847812175750732 2800
1714733551312 2.1149816513061523 2810
1714733559689 0.8447396755218506 2820
1714733567998 3.048534870147705 2830
1714733576256 4.172161102294922 2840
1714733584419 3.7933242321014404 2850
1714733592593 2.795018434524536 2860
1714733600849 2.3665578365325928 2870
1714733609172 4.9712815284729 2880
1714733617482 1.9371089935302734 2890
1714733625736 1.874319076538086 2900
1714733773517 1.1466529369354248 2910
1714733781898 2.8226332664489746 2920
1714733789866 4.050442218780518 2930
1714733797704 3.673518657684326 2940
1714733805896 2.0530550479888916 2950
1714733814262 4.468331336975098 2960
1714733822632 3.2769761085510254 2970
1714733830490 3.458012342453003 2980
1714733838382 1.5248780250549316 2990
1714733846180 1.7457947731018066 3000
1714733982428 3.5904929637908936 3010
1714733989811 3.2195072174072266 3020
1714733997223 2.1728711128234863 3030
1714734004604 4.226446628570557 3040
1714734011995 1.6250386238098145 3050
1714734019436 4.034574508666992 3060
1714734026847 3.753692150115967 3070
1714734034265 1.1966875791549683 3080
1714734041667 1.977130651473999 3090
1714734049062 2.6358120441436768 3100
1714734180977 3.7755134105682373 3110
1714734188355 2.2724273204803467 3120
1714734195740 2.833723306655884 3130
1714734203130 3.091113805770874 3140
1714734210518 4.080282211303711 3150
1714734217921 3.200226068496704 3160
1714734225305 3.9881746768951416 3170
1714734232711 2.156902313232422 3180
1714734240098 1.8423888683319092 3190
1714734247496 3.6292178630828857 3200
1714734378264 3.5321500301361084 3210
1714734385639 1.9835789203643799 3220
1714734393014 2.988687753677368 3230
1714734400428 2.495115280151367 3240
1714734407822 3.421154260635376 3250
1714734415238 4.148919582366943 3260
1714734422655 3.0481789112091064 3270
1714734430057 2.7376773357391357 3280
1714734437439 3.399726390838623 3290
1714734444826 1.6732529401779175 3300
1714734577697 3.196603298187256 3310
1714734585097 2.611884593963623 3320
1714734592492 3.244961977005005 3330
1714734599880 1.9951931238174438 3340
1714734607278 1.9600993394851685 3350
1714734614679 2.768630027770996 3360
1714734622069 2.2056877613067627 3370
1714734629476 2.927335500717163 3380
1714734636873 1.5646140575408936 3390
1714734644270 1.9959385395050049 3400
1714734777437 2.887369394302368 3410
1714734784833 1.798422932624817 3420
1714734792222 2.8631269931793213 3430
1714734799644 2.178966522216797 3440
1714734807050 1.1784168481826782 3450
1714734814450 3.264777660369873 3460
1714734821864 2.3450896739959717 3470
1714734829257 2.799473762512207 3480
1714734836664 1.611547589302063 3490
1714734844076 0.37916299700737 3500
1714734978366 2.417717456817627 3510
1714734985766 3.9774208068847656 3520
1714734993178 4.071054458618164 3530
1714735000578 1.6421222686767578 3540
1714735007978 1.8278908729553223 3550
1714735015406 2.727815866470337 3560
1714735022838 3.477198839187622 3570
1714735030254 3.3159475326538086 3580
1714735037670 2.937392473220825 3590
1714735045081 2.9471490383148193 3600
1714735177781 2.8782100677490234 3610
1714735185183 3.8068301677703857 3620
1714735192598 2.7930853366851807 3630
1714735200028 4.994381904602051 3640
1714735207425 1.954538345336914 3650
1714735214819 1.6311709880828857 3660
1714735222235 3.857041120529175 3670
1714735229657 6.093446731567383 3680
1714735237059 3.412865400314331 3690
1714735244465 3.5562562942504883 3700
1714735377666 3.4110748767852783 3710
1714735385065 0.8363069295883179 3720
1714735392472 3.477919101715088 3730
1714735399883 2.059335708618164 3740
1714735407271 4.078366279602051 3750
1714735414684 1.2826135158538818 3760
1714735422074 1.5506635904312134 3770
1714735429465 0.8999218940734863 3780
1714735436848 2.2311246395111084 3790
1714735444242 2.0884106159210205 3800
1714735581202 2.9602932929992676 3810
1714735588880 2.9423928260803223 3820
1714735596585 2.1519851684570312 3830
1714735604259 3.3836007118225098 3840
1714735611944 4.43189001083374 3850
1714735619630 1.8039369583129883 3860
1714735627327 3.809246063232422 3870
1714735635030 2.017158269882202 3880
1714735642710 2.598734140396118 3890
1714735649866 1.929643988609314 3900
1714735791042 1.5199692249298096 3910
1714735798738 1.8596339225769043 3920
1714735806451 3.011589765548706 3930
1714735814142 1.233290672302246 3940
1714735821836 1.8864741325378418 3950
1714735829533 0.7015050649642944 3960
1714735837251 2.3166253566741943 3970
1714735845025 2.081937074661255 3980
1714735853455 1.4257315397262573 3990
1714735861651 1.5863041877746582 4000
1714736004963 2.000298261642456 4010
1714736012890 2.100229501724243 4020
1714736021108 1.019671082496643 4030
1714736029242 1.2360670566558838 4040
1714736037091 1.8808398246765137 4050
1714736044794 1.1323590278625488 4060
1714736052502 0.7720702290534973 4070
1714736060197 2.5093464851379395 4080
1714736067895 0.9589769244194031 4090
1714736075626 2.4137027263641357 4100
1714736232219 2.157076358795166 4110
1714736240998 1.3170864582061768 4120
1714736250053 2.0194759368896484 4130
1714736260155 1.8394768238067627 4140
1714736270147 1.4279459714889526 4150
1714736280306 2.763314962387085 4160
1714736289670 1.8417270183563232 4170
1714736298533 0.8451288342475891 4180
1714736307367 1.2328320741653442 4190
1714736316156 1.4281940460205078 4200
1714736482662 0.6719221472740173 4210
1714736491614 1.994182825088501 4220
1714736500994 2.375981569290161 4230
1714736509790 1.2699055671691895 4240
1714736518631 1.7085639238357544 4250
1714736527501 1.720257043838501 4260
1714736536332 1.1957330703735352 4270
1714736545136 2.1102511882781982 4280
1714736553940 1.653220534324646 4290
1714736562764 0.8579348921775818 4300
1714736724809 1.62775719165802 4310
1714736733481 1.3170288801193237 4320
1714736742170 1.9475860595703125 4330
1714736750833 1.8041406869888306 4340
1714736759499 0.5004653334617615 4350
1714736768393 2.309731960296631 4360
1714736777299 1.5978890657424927 4370
1714736785967 1.582998514175415 4380
1714736794658 0.9207072257995605 4390
1714736803324 0.5794817805290222 4400
1714736969744 2.420853614807129 4410
1714736978431 1.5856298208236694 4420
1714736987106 1.8692498207092285 4430
1714736995772 1.1733366250991821 4440
1714737004576 0.7515308856964111 4450
1714737013354 1.4224709272384644 4460
1714737022263 1.146863579750061 4470
1714737030979 1.6823487281799316 4480
1714737039779 2.0652706623077393 4490
1714737048495 2.627429246902466 4500
1714737209938 1.1025444269180298 4510
1714737219326 0.2037380039691925 4520
1714737228707 1.0001015663146973 4530
1714737237884 0.5048303604125977 4540
1714737246802 0.8417490720748901 4550
1714737255561 0.6402614712715149 4560
1714737264226 1.3594266176223755 4570
1714737272893 2.2161026000976562 4580
1714737281688 1.7149720191955566 4590
1714737290600 0.5132944583892822 4600
1714737453919 1.6097831726074219 4610
1714737462564 3.029561996459961 4620
1714737471221 2.155515193939209 4630
1714737479892 2.258655309677124 4640
1714737488558 2.621857166290283 4650
1714737497280 0.23538723587989807 4660
1714737505933 0.3063761591911316 4670
1714737514628 2.9349992275238037 4680
1714737523367 2.704150676727295 4690
1714737532038 0.3852013647556305 4700
1714737726071 1.0859767198562622 4710
1714737736807 0.968686044216156 4720
1714737747506 0.7855222225189209 4730
1714737758433 1.152819037437439 4740
1714737769647 1.1530605554580688 4750
1714737780646 0.6823784708976746 4760
1714737791385 0.7070795297622681 4770
1714737802112 0.13904312252998352 4780
1714737812846 1.4116283655166626 4790
1714737823562 1.606858730316162 4800
1714738008389 2.933972120285034 4810
1714738019087 0.4123089015483856 4820
1714738029755 1.9426206350326538 4830
1714738040422 0.8480398058891296 4840
1714738051159 1.8970938920974731 4850
1714738061873 1.5379300117492676 4860
1714738072541 2.0305540561676025 4870
1714738083230 0.8907986879348755 4880
1714738093971 1.6799734830856323 4890
1714738104640 2.2165844440460205 4900
1714738282599 2.008538007736206 4910
1714738290728 0.874319851398468 4920
1714738298956 3.103738307952881 4930
1714738307183 3.102787971496582 4940
1714738315777 3.0504322052001953 4950
1714738324378 0.2206093817949295 4960
1714738332822 6.070445537567139 4970
1714738341252 3.2628345489501953 4980
1714738349680 1.6472586393356323 4990
1714738358186 0.3171449303627014 5000
1714738515114 1.9117724895477295 5010
1714738524113 1.772916555404663 5020
1714738532401 0.6382591128349304 5030
1714738540740 0.7555890083312988 5040
1714738549144 2.3313300609588623 5050
1714738557467 1.3684711456298828 5060
1714738565757 1.578595519065857 5070
1714738573967 0.3659326434135437 5080
1714738582230 0.24702727794647217 5090
1714738590484 1.9435110092163086 5100
1714738741306 2.2325809001922607 5110
1714738749648 3.4039623737335205 5120
1714738757952 2.057098627090454 5130
1714738766226 0.3810752332210541 5140
1714738774565 3.435879945755005 5150
1714738782910 0.5501286387443542 5160
1714738791241 1.1940865516662598 5170
1714738799621 1.028050184249878 5180
