1714686544414 0.00019961449498843485 10
1714686552817 0.0001992289899768697 20
1714686561163 0.00019884348496530455 30
1714686569510 0.0001984579799537394 40
1714686577829 0.00019807247494217428 50
1714686586149 0.00019768696993060911 60
1714686594474 0.00019730146491904395 70
1714686602804 0.0001969159599074788 80
1714686611282 0.00019653045489591365 90
1714686619628 0.00019614494988434852 100
1714686754365 0.00019575944487278335 110
1714686762019 0.00019537393986121822 120
1714686769676 0.00019498843484965306 130
1714686777348 0.0001946029298380879 140
1714686785012 0.00019421742482652276 150
1714686792675 0.00019383191981495762 160
1714686800355 0.00019344641480339246 170
1714686808037 0.0001930609097918273 180
1714686815724 0.00019267540478026216 190
1714686823401 0.000192289899768697 200
1714686958589 0.00019190439475713183 210
1714686966415 0.0001915188897455667 220
1714686974229 0.00019113338473400156 230
1714686982035 0.0001907478797224364 240
1714686989857 0.00019036237471087126 250
1714686997600 0.0001899768696993061 260
1714687005311 0.00018959136468774094 270
1714687013003 0.0001892058596761758 280
1714687020690 0.00018882035466461067 290
1714687028366 0.0001884348496530455 300
1714687162984 0.00018804934464148034 310
1714687170748 0.0001876638396299152 320
1714687178462 0.00018727833461835004 330
1714687186149 0.00018689282960678488 340
1714687193837 0.00018650732459521974 350
1714687201533 0.0001861218195836546 360
1714687209232 0.00018573631457208944 370
1714687216949 0.00018535080956052428 380
1714687224644 0.00018496530454895915 390
1714687232318 0.00018457979953739398 400
1714687369070 0.00018419429452582885 410
1714687376822 0.0001838087895142637 420
1714687384571 0.00018342328450269855 430
1714687392325 0.00018303777949113339 440
1714687400080 0.00018265227447956825 450
1714687407837 0.0001822667694680031 460
1714687415589 0.00018188126445643795 470
1714687423339 0.0001814957594448728 480
1714687431093 0.00018111025443330765 490
1714687438846 0.0001807247494217425 500
1714687576686 0.00018033924441017733 510
1714687584487 0.0001799537393986122 520
1714687592283 0.00017956823438704703 530
1714687600014 0.0001791827293754819 540
1714687607705 0.00017879722436391676 550
1714687615401 0.0001784117193523516 560
1714687623099 0.00017802621434078643 570
1714687630781 0.00017764070932922127 580
1714687638491 0.00017725520431765613 590
1714687646190 0.000176869699306091 600
1714687779891 0.00017648419429452583 610
1714687787578 0.0001760986892829607 620
1714687795271 0.00017571318427139554 630
1714687802948 0.00017532767925983037 640
1714687810651 0.00017494217424826524 650
1714687818337 0.00017455666923670007 660
1714687826027 0.00017417116422513494 670
1714687833720 0.00017378565921356978 680
1714687841416 0.00017340015420200464 690
1714687849104 0.00017301464919043948 700
1714728849194 0.00017262914417887431 710
1714728856726 0.00017224363916730918 720
1714728864629 0.00017185813415574404 730
1714728872317 0.00017147262914417888 740
1714728880022 0.00017108712413261374 750
1714728887690 0.00017070161912104858 760
1714728895376 0.00017031611410948342 770
1714728903073 0.00016993060909791828 780
1714728910777 0.00016954510408635315 790
1714728918518 0.00016915959907478798 800
1714729053640 0.00016877409406322282 810
1714729061359 0.00016838858905165769 820
1714729069063 0.00016800308404009252 830
1714729076764 0.00016761757902852736 840
1714729084520 0.00016723207401696222 850
1714729092585 0.0001668465690053971 860
1714729100513 0.00016646106399383193 870
1714729108574 0.0001660755589822668 880
1714729116556 0.00016569005397070163 890
1714729124291 0.00016530454895913646 900
1714729259540 0.00016491904394757133 910
1714729267277 0.0001645335389360062 920
1714729274989 0.00016414803392444103 930
1714729282700 0.00016376252891287587 940
1714729290392 0.00016337702390131073 950
1714729298090 0.00016299151888974557 960
1714729305785 0.0001626060138781804 970
1714729313481 0.0001622205088666153 980
1714729321188 0.00016183500385505013 990
1714729328897 0.00016144949884348497 1000
1714729464253 0.0001610639938319198 1010
1714729471982 0.00016067848882035467 1020
1714729479700 0.0001602929838087895 1030
1714729487424 0.00015990747879722437 1040
1714729495139 0.00015952197378565924 1050
1714729502864 0.00015913646877409408 1060
1714729510582 0.0001587509637625289 1070
1714729518322 0.00015836545875096378 1080
1714729526043 0.00015797995373939861 1090
1714729533770 0.00015759444872783348 1100
1714729692629 0.00015720894371626832 1110
1714729700348 0.00015682343870470318 1120
1714729708055 0.00015643793369313802 1130
1714729715757 0.00015605242868157285 1140
1714729723467 0.00015566692367000772 1150
1714729731180 0.00015528141865844256 1160
1714729738899 0.00015489591364687742 1170
1714729746610 0.00015451040863531228 1180
1714729754344 0.00015412490362374712 1190
1714729762067 0.00015373939861218196 1200
1714729900943 0.0001533538936006168 1210
1714729909185 0.00015296838858905166 1220
1714729917471 0.00015258288357748652 1230
1714729925776 0.00015219737856592136 1240
1714729934012 0.00015181187355435623 1250
1714729942280 0.00015142636854279106 1260
1714729950582 0.0001510408635312259 1270
1714729958999 0.00015065535851966076 1280
1714729967464 0.00015026985350809563 1290
1714729975374 0.00014988434849653047 1300
1714730128236 0.0001494988434849653 1310
1714730137035 0.00014911333847340017 1320
1714730145442 0.000148727833461835 1330
1714730154029 0.00014834232845026984 1340
1714730162229 0.0001479568234387047 1350
1714730170675 0.00014757131842713957 1360
1714730179178 0.0001471858134155744 1370
1714730187811 0.00014680030840400927 1380
1714730196505 0.0001464148033924441 1390
1714730205197 0.00014602929838087895 1400
1714730360000 0.0001456437933693138 1410
1714730368507 0.00014525828835774867 1420
1714730376849 0.0001448727833461835 1430
1714730385648 0.00014448727833461835 1440
1714730394315 0.0001441017733230532 1450
1714730402588 0.00014371626831148805 1460
1714730411185 0.00014333076329992289 1470
1714730419495 0.00014294525828835775 1480
1714730427680 0.00014255975327679261 1490
1714730435710 0.00014217424826522745 1500
1714730583215 0.00014178874325366232 1510
1714730591612 0.00014140323824209715 1520
1714730599922 0.000141017733230532 1530
1714730608237 0.00014063222821896685 1540
1714730616401 0.00014024672320740172 1550
1714730624913 0.00013986121819583656 1560
1714730633066 0.0001394757131842714 1570
1714730641235 0.00013909020817270626 1580
1714730649286 0.0001387047031611411 1590
1714730657464 0.00013831919814957596 1600
1714730815026 0.00013793369313801082 1610
1714730823766 0.00013754818812644566 1620
1714730832466 0.0001371626831148805 1630
1714730841252 0.00013677717810331533 1640
1714730850007 0.0001363916730917502 1650
1714730858784 0.00013600616808018504 1660
1714730867543 0.0001356206630686199 1670
1714730876164 0.00013523515805705476 1680
1714730884822 0.0001348496530454896 1690
1714730893378 0.00013446414803392444 1700
1714731045457 0.0001340786430223593 1710
1714731053844 0.00013369313801079414 1720
1714731062091 0.000133307632999229 1730
1714731070511 0.00013292212798766384 1740
1714731079018 0.0001325366229760987 1750
1714731087313 0.00013215111796453354 1760
1714731095761 0.00013176561295296838 1770
1714731104707 0.00013138010794140324 1780
1714731113500 0.00013099460292983808 1790
1714731122287 0.00013060909791827295 1800
1714731275861 0.0001302235929067078 1810
1714731283877 0.00012983808789514265 1820
1714731291906 0.00012945258288357748 1830
1714731300021 0.00012906707787201232 1840
1714731308255 0.00012868157286044719 1850
1714731316564 0.00012829606784888205 1860
1714731324872 0.0001279105628373169 1870
1714731333221 0.00012752505782575175 1880
1714731341558 0.0001271395528141866 1890
1714731349728 0.00012675404780262143 1900
1714731501664 0.0001263685427910563 1910
1714731510414 0.00012598303777949115 1920
1714731519221 0.000125597532767926 1930
1714731528067 0.00012521202775636083 1940
1714731536906 0.0001248265227447957 1950
1714731545789 0.00012444101773323053 1960
1714731554598 0.00012405551272166537 1970
1714731563443 0.00012367000771010023 1980
1714731572365 0.0001232845026985351 1990
1714731581251 0.00012289899768696993 2000
1714731738972 0.0001225134926754048 2010
1714731747926 0.00012212798766383963 2020
1714731756812 0.00012174248265227448 2030
1714731765729 0.00012135697764070932 2040
1714731774613 0.00012097147262914419 2050
1714731783480 0.00012058596761757904 2060
1714731792333 0.00012020046260601387 2070
1714731801242 0.00011981495759444874 2080
1714731810111 0.00011942945258288359 2090
1714731819042 0.00011904394757131843 2100
1714731971199 0.00011865844255975329 2110
1714731979523 0.00011827293754818813 2120
1714731987970 0.00011788743253662298 2130
1714731996519 0.00011750192752505784 2140
1714732004998 0.00011711642251349268 2150
1714732013534 0.00011673091750192753 2160
1714732021992 0.00011634541249036237 2170
1714732030576 0.00011595990747879723 2180
1714732039086 0.00011557440246723208 2190
1714732047295 0.00011518889745566692 2200
1714732200245 0.00011480339244410178 2210
1714732208772 0.00011441788743253663 2220
1714732217306 0.00011403238242097147 2230
1714732225897 0.00011364687740940634 2240
1714732234549 0.00011326137239784119 2250
1714732243090 0.00011287586738627602 2260
1714732251663 0.00011249036237471086 2270
1714732260258 0.00011210485736314574 2280
1714732268866 0.00011171935235158058 2290
1714732277432 0.00011133384734001541 2300
1714732430736 0.00011094834232845028 2310
1714732438603 0.00011056283731688513 2320
1714732446673 0.00011017733230531997 2330
1714732454873 0.00010979182729375483 2340
1714732463448 0.00010940632228218968 2350
1714732471652 0.00010902081727062452 2360
1714732479819 0.00010863531225905937 2370
1714732487816 0.00010824980724749423 2380
1714732495918 0.00010786430223592907 2390
1714732503904 0.00010747879722436392 2400
1714732654511 0.00010709329221279878 2410
1714732662938 0.00010670778720123362 2420
1714732671472 0.00010632228218966846 2430
1714732679970 0.00010593677717810334 2440
1714732688431 0.00010555127216653817 2450
1714732696966 0.00010516576715497301 2460
1714732705452 0.00010478026214340786 2470
1714732714048 0.00010439475713184273 2480
1714732722559 0.00010400925212027756 2490
1714732731077 0.00010362374710871241 2500
1714732879728 0.00010323824209714728 2510
1714732887349 0.00010285273708558212 2520
1714732894973 0.00010246723207401697 2530
1714732902574 0.00010208172706245183 2540
1714732910175 0.00010169622205088667 2550
1714732917788 0.00010131071703932152 2560
1714732925410 0.00010092521202775635 2570
1714732933042 0.00010053970701619122 2580
1714732940653 0.00010015420200462607 2590
1714732947676 9.976869699306092e-05 2600
1714733097493 9.938319198149576e-05 2610
1714733105879 9.899768696993061e-05 2620
1714733114211 9.861218195836547e-05 2630
1714733122500 9.822667694680031e-05 2640
1714733130560 9.784117193523516e-05 2650
1714733139102 9.745566692367001e-05 2660
1714733147551 9.707016191210486e-05 2670
1714733156183 9.668465690053971e-05 2680
1714733164736 9.629915188897456e-05 2690
1714733172768 9.591364687740941e-05 2700
1714733324115 9.552814186584425e-05 2710
1714733332561 9.514263685427912e-05 2720
1714733340965 9.475713184271397e-05 2730
1714733349472 9.43716268311488e-05 2740
1714733357974 9.398612181958367e-05 2750
1714733366425 9.36006168080185e-05 2760
1714733374871 9.321511179645336e-05 2770
1714733383268 9.28296067848882e-05 2780
1714733391584 9.244410177332306e-05 2790
1714733399950 9.205859676175791e-05 2800
1714733551312 9.167309175019276e-05 2810
1714733559689 9.128758673862761e-05 2820
1714733567998 9.090208172706246e-05 2830
1714733576256 9.05165767154973e-05 2840
1714733584419 9.013107170393216e-05 2850
1714733592593 8.9745566692367e-05 2860
1714733600849 8.936006168080185e-05 2870
1714733609172 8.897455666923671e-05 2880
1714733617482 8.858905165767155e-05 2890
1714733625736 8.82035466461064e-05 2900
1714733773517 8.781804163454125e-05 2910
1714733781898 8.74325366229761e-05 2920
1714733789866 8.704703161141095e-05 2930
1714733797704 8.66615265998458e-05 2940
1714733805896 8.627602158828065e-05 2950
1714733814262 8.589051657671549e-05 2960
1714733822632 8.550501156515036e-05 2970
1714733830490 8.51195065535852e-05 2980
1714733838382 8.473400154202004e-05 2990
1714733846180 8.434849653045491e-05 3000
1714733982428 8.396299151888975e-05 3010
1714733989811 8.35774865073246e-05 3020
1714733997223 8.319198149575945e-05 3030
1714734004604 8.28064764841943e-05 3040
1714734011995 8.242097147262915e-05 3050
1714734019436 8.2035466461064e-05 3060
1714734026847 8.164996144949885e-05 3070
1714734034265 8.12644564379337e-05 3080
1714734041667 8.087895142636854e-05 3090
1714734049062 8.04934464148034e-05 3100
1714734180977 8.010794140323825e-05 3110
1714734188355 7.972243639167309e-05 3120
1714734195740 7.933693138010795e-05 3130
1714734203130 7.895142636854279e-05 3140
1714734210518 7.856592135697764e-05 3150
1714734217921 7.81804163454125e-05 3160
1714734225305 7.779491133384734e-05 3170
1714734232711 7.74094063222822e-05 3180
1714734240098 7.702390131071704e-05 3190
1714734247496 7.66383962991519e-05 3200
1714734378264 7.625289128758675e-05 3210
1714734385639 7.58673862760216e-05 3220
1714734393014 7.548188126445645e-05 3230
1714734400428 7.509637625289128e-05 3240
1714734407822 7.471087124132613e-05 3250
1714734415238 7.4325366229761e-05 3260
1714734422655 7.393986121819584e-05 3270
1714734430057 7.355435620663069e-05 3280
1714734437439 7.316885119506554e-05 3290
1714734444826 7.278334618350039e-05 3300
1714734577697 7.239784117193524e-05 3310
1714734585097 7.201233616037009e-05 3320
1714734592492 7.162683114880494e-05 3330
1714734599880 7.124132613723978e-05 3340
1714734607278 7.085582112567464e-05 3350
1714734614679 7.047031611410949e-05 3360
1714734622069 7.008481110254433e-05 3370
1714734629476 6.96993060909792e-05 3380
1714734636873 6.931380107941403e-05 3390
1714734644270 6.892829606784888e-05 3400
1714734777437 6.854279105628375e-05 3410
1714734784833 6.815728604471858e-05 3420
1714734792222 6.777178103315343e-05 3430
1714734799644 6.738627602158828e-05 3440
1714734807050 6.700077101002314e-05 3450
1714734814450 6.661526599845799e-05 3460
1714734821864 6.622976098689284e-05 3470
1714734829257 6.584425597532769e-05 3480
1714734836664 6.545875096376252e-05 3490
1714734844076 6.507324595219738e-05 3500
1714734978366 6.468774094063224e-05 3510
1714734985766 6.430223592906708e-05 3520
1714734993178 6.391673091750193e-05 3530
1714735000578 6.353122590593678e-05 3540
1714735007978 6.314572089437163e-05 3550
1714735015406 6.276021588280648e-05 3560
1714735022838 6.237471087124133e-05 3570
1714735030254 6.198920585967618e-05 3580
1714735037670 6.160370084811102e-05 3590
1714735045081 6.121819583654588e-05 3600
1714735177781 6.083269082498073e-05 3610
1714735185183 6.044718581341558e-05 3620
1714735192598 6.006168080185043e-05 3630
1714735200028 5.967617579028527e-05 3640
1714735207425 5.929067077872012e-05 3650
1714735214819 5.890516576715498e-05 3660
1714735222235 5.8519660755589824e-05 3670
1714735229657 5.8134155744024674e-05 3680
1714735237059 5.774865073245952e-05 3690
1714735244465 5.7363145720894376e-05 3700
1714735377666 5.6977640709329226e-05 3710
1714735385065 5.659213569776407e-05 3720
1714735392472 5.620663068619893e-05 3730
1714735399883 5.5821125674633765e-05 3740
1714735407271 5.543562066306862e-05 3750
1714735414684 5.505011565150347e-05 3760
1714735422074 5.466461063993832e-05 3770
1714735429465 5.4279105628373175e-05 3780
1714735436848 5.3893600616808025e-05 3790
1714735444242 5.350809560524287e-05 3800
1714735581202 5.312259059367773e-05 3810
1714735588880 5.2737085582112564e-05 3820
1714735596585 5.235158057054742e-05 3830
1714735604259 5.196607555898227e-05 3840
1714735611944 5.1580570547417116e-05 3850
1714735619630 5.119506553585197e-05 3860
1714735627327 5.080956052428682e-05 3870
1714735635030 5.042405551272167e-05 3880
1714735642710 5.0038550501156525e-05 3890
1714735649866 4.965304548959136e-05 3900
1714735791042 4.926754047802621e-05 3910
1714735798738 4.888203546646107e-05 3920
1714735806451 4.8496530454895915e-05 3930
1714735814142 4.8111025443330765e-05 3940
1714735821836 4.7725520431765616e-05 3950
1714735829533 4.734001542020047e-05 3960
1714735837251 4.695451040863532e-05 3970
1714735845025 4.656900539707016e-05 3980
1714735853455 4.618350038550501e-05 3990
1714735861651 4.579799537393986e-05 4000
1714736004963 4.5412490362374714e-05 4010
1714736012890 4.5026985350809564e-05 4020
1714736021108 4.4641480339244415e-05 4030
1714736029242 4.425597532767926e-05 4040
1714736037091 4.387047031611411e-05 4050
1714736044794 4.348496530454896e-05 4060
1714736052502 4.309946029298381e-05 4070
1714736060197 4.271395528141866e-05 4080
1714736067895 4.232845026985351e-05 4090
1714736075626 4.1942945258288356e-05 4100
1714736232219 4.1557440246723214e-05 4110
1714736240998 4.117193523515806e-05 4120
1714736250053 4.078643022359291e-05 4130
1714736260155 4.040092521202776e-05 4140
1714736270147 4.00154202004626e-05 4150
1714736280306 3.962991518889746e-05 4160
1714736289670 3.924441017733231e-05 4170
1714736298533 3.8858905165767155e-05 4180
1714736307367 3.8473400154202006e-05 4190
1714736316156 3.8087895142636857e-05 4200
1714736482662 3.770239013107171e-05 4210
1714736491614 3.731688511950656e-05 4220
1714736500994 3.69313801079414e-05 4230
1714736509790 3.654587509637625e-05 4240
1714736518631 3.61603700848111e-05 4250
1714736527501 3.5774865073245954e-05 4260
1714736536332 3.5389360061680805e-05 4270
1714736545136 3.5003855050115655e-05 4280
1714736553940 3.46183500385505e-05 4290
1714736562764 3.423284502698536e-05 4300
1714736724809 3.38473400154202e-05 4310
1714736733481 3.346183500385505e-05 4320
1714736742170 3.30763299922899e-05 4330
1714736750833 3.2690824980724746e-05 4340
1714736759499 3.2305319969159603e-05 4350
1714736768393 3.1919814957594454e-05 4360
1714736777299 3.15343099460293e-05 4370
1714736785967 3.114880493446415e-05 4380
1714736794658 3.0763299922899e-05 4390
1714736803324 3.037779491133385e-05 4400
1714736969744 2.99922898997687e-05 4410
1714736978431 2.9606784888203548e-05 4420
1714736987106 2.9221279876638396e-05 4430
1714736995772 2.8835774865073246e-05 4440
1714737004576 2.84502698535081e-05 4450
1714737013354 2.8064764841942948e-05 4460
1714737022263 2.7679259830377795e-05 4470
1714737030979 2.7293754818812646e-05 4480
1714737039779 2.6908249807247493e-05 4490
1714737048495 2.6522744795682347e-05 4500
1714737209938 2.6137239784117194e-05 4510
1714737219326 2.5751734772552045e-05 4520
1714737228707 2.5366229760986892e-05 4530
1714737237884 2.4980724749421743e-05 4540
1714737246802 2.4595219737856594e-05 4550
1714737255561 2.4209714726291444e-05 4560
1714737264226 2.3824209714726292e-05 4570
1714737272893 2.3438704703161142e-05 4580
1714737281688 2.3053199691595993e-05 4590
1714737290600 2.266769468003084e-05 4600
1714737453919 2.228218966846569e-05 4610
1714737462564 2.189668465690054e-05 4620
1714737471221 2.1511179645335393e-05 4630
1714737479892 2.112567463377024e-05 4640
1714737488558 2.0740169622205087e-05 4650
1714737497280 2.035466461063994e-05 4660
1714737505933 1.996915959907479e-05 4670
1714737514628 1.958365458750964e-05 4680
1714737523367 1.9198149575944487e-05 4690
1714737532038 1.881264456437934e-05 4700
1714737726071 1.8427139552814188e-05 4710
1714737736807 1.8041634541249035e-05 4720
1714737747506 1.7656129529683886e-05 4730
1714737758433 1.7270624518118737e-05 4740
1714737769647 1.6885119506553587e-05 4750
1714737780646 1.6499614494988435e-05 4760
1714737791385 1.6114109483423285e-05 4770
1714737802112 1.5728604471858136e-05 4780
1714737812846 1.5343099460292983e-05 4790
1714737823562 1.4957594448727836e-05 4800
1714738008389 1.4572089437162683e-05 4810
1714738019087 1.4186584425597532e-05 4820
1714738029755 1.3801079414032383e-05 4830
1714738040422 1.3415574402467232e-05 4840
1714738051159 1.3030069390902083e-05 4850
1714738061873 1.2644564379336932e-05 4860
1714738072541 1.2259059367771782e-05 4870
1714738083230 1.1873554356206631e-05 4880
1714738093971 1.1488049344641482e-05 4890
1714738104640 1.110254433307633e-05 4900
1714738282599 1.071703932151118e-05 4910
1714738290728 1.0331534309946029e-05 4920
1714738298956 9.94602929838088e-06 4930
1714738307183 9.560524286815729e-06 4940
1714738315777 9.17501927525058e-06 4950
1714738324378 8.789514263685428e-06 4960
1714738332822 8.404009252120277e-06 4970
1714738341252 8.018504240555128e-06 4980
1714738349680 7.632999228989977e-06 4990
1714738358186 7.247494217424827e-06 5000
1714738515114 6.861989205859677e-06 5010
1714738524113 6.476484194294526e-06 5020
1714738532401 6.090979182729376e-06 5030
1714738540740 5.7054741711642256e-06 5040
1714738549144 5.319969159599075e-06 5050
1714738557467 4.934464148033924e-06 5060
1714738565757 4.548959136468774e-06 5070
1714738573967 4.163454124903624e-06 5080
1714738582230 3.7779491133384736e-06 5090
1714738590484 3.3924441017733234e-06 5100
1714738741306 3.006939090208173e-06 5110
1714738749648 2.6214340786430223e-06 5120
1714738757952 2.235929067077872e-06 5130
1714738766226 1.8504240555127218e-06 5140
1714738774565 1.4649190439475714e-06 5150
1714738782910 1.079414032382421e-06 5160
1714738791241 6.939090208172706e-07 5170
1714738799621 3.084040092521203e-07 5180
