1714686544414 5.0215 10
1714686552817 5.0177 20
1714686561163 5.0076 30
1714686569510 5.0362 40
1714686577829 5.003 50
1714686586149 5.0378 60
1714686594474 5.027 70
1714686602804 4.9979 80
1714686611282 4.9641 90
1714686619628 4.9171 100
1714686754365 4.9396 110
1714686762019 4.8646 120
1714686769676 4.8077 130
1714686777348 4.813 140
1714686785012 4.8073 150
1714686792675 4.7642 160
1714686800355 4.6693 170
1714686808037 4.5996 180
1714686815724 4.6729 190
1714686823401 4.595 200
1714686958589 4.5748 210
1714686966415 4.4394 220
1714686974229 4.5346 230
1714686982035 4.427 240
1714686989857 4.4571 250
1714686997600 4.3662 260
1714687005311 4.3011 270
1714687013003 4.2664 280
1714687020690 4.1976 290
1714687028366 4.2528 300
1714687162984 4.1843 310
1714687170748 4.1744 320
1714687178462 4.1179 330
1714687186149 4.0077 340
1714687193837 4.0249 350
1714687201533 3.9877 360
1714687209232 3.988 370
1714687216949 3.8955 380
1714687224644 3.8229 390
1714687232318 3.7441 400
1714687369070 3.7974 410
1714687376822 3.7638 420
1714687384571 3.7022 430
1714687392325 3.5696 440
1714687400080 3.5401 450
1714687407837 3.7265 460
1714687415589 3.4856 470
1714687423339 3.4516 480
1714687431093 3.4666 490
1714687438846 3.4164 500
1714687576686 3.4708 510
1714687584487 3.315 520
1714687592283 3.2603 530
1714687600014 3.1414 540
1714687607705 3.2812 550
1714687615401 3.1576 560
1714687623099 3.0927 570
1714687630781 2.989 580
1714687638491 3.0697 590
1714687646190 2.9448 600
1714687779891 2.9029 610
1714687787578 3.0014 620
1714687795271 2.8824 630
1714687802948 2.9293 640
1714687810651 2.6722 650
1714687818337 2.8262 660
1714687826027 2.7065 670
1714687833720 2.7223 680
1714687841416 2.5559 690
1714687849104 2.6198 700
1714728849194 2.5195 710
1714728856726 2.5445 720
1714728864629 2.4728 730
1714728872317 2.611 740
1714728880022 2.3462 750
1714728887690 2.3472 760
1714728895376 2.4429 770
1714728903073 2.3628 780
1714728910777 2.429 790
1714728918518 2.3909 800
1714729053640 2.2633 810
1714729061359 2.1956 820
1714729069063 2.2479 830
1714729076764 2.1706 840
1714729084520 2.2915 850
1714729092585 2.2057 860
1714729100513 2.1067 870
1714729108574 2.1507 880
1714729116556 1.9321 890
1714729124291 2.0271 900
1714729259540 1.9069 910
1714729267277 1.9268 920
1714729274989 1.8635 930
1714729282700 1.8459 940
1714729290392 1.8966 950
1714729298090 1.8019 960
1714729305785 1.7987 970
1714729313481 1.7498 980
1714729321188 1.8662 990
1714729328897 1.6965 1000
1714729464253 1.8201 1010
1714729471982 1.8101 1020
1714729479700 1.9262 1030
1714729487424 1.7384 1040
1714729495139 1.4563 1050
1714729502864 1.506 1060
1714729510582 1.5856 1070
1714729518322 1.849 1080
1714729526043 1.7051 1090
1714729533770 1.5411 1100
1714729692629 1.5371 1110
1714729700348 1.8064 1120
1714729708055 1.7274 1130
1714729715757 1.566 1140
1714729723467 1.6869 1150
1714729731180 1.6081 1160
1714729738899 1.5291 1170
1714729746610 1.7182 1180
1714729754344 1.4686 1190
1714729762067 1.5505 1200
1714729900943 1.7229 1210
1714729909185 1.5487 1220
1714729917471 1.3467 1230
1714729925776 1.4135 1240
1714729934012 1.41 1250
1714729942280 1.5365 1260
1714729950582 1.3704 1270
1714729958999 1.6044 1280
1714729967464 1.4358 1290
1714729975374 1.4872 1300
1714730128236 1.1418 1310
1714730137035 1.2565 1320
1714730145442 1.1339 1330
1714730154029 1.1988 1340
1714730162229 1.2891 1350
1714730170675 1.2584 1360
1714730179178 0.9186 1370
1714730187811 1.1837 1380
1714730196505 1.0334 1390
1714730205197 1.2842 1400
1714730360000 1.0987 1410
1714730368507 1.1321 1420
1714730376849 1.1449 1430
1714730385648 1.283 1440
1714730394315 1.0651 1450
1714730402588 1.0653 1460
1714730411185 1.0967 1470
1714730419495 1.0494 1480
1714730427680 1.0304 1490
1714730435710 1.0972 1500
1714730583215 1.0239 1510
1714730591612 0.8931 1520
1714730599922 0.8656 1530
1714730608237 0.9102 1540
1714730616401 1.0873 1550
1714730624913 0.959 1560
1714730633066 0.9146 1570
1714730641235 1.0869 1580
1714730649286 1.0305 1590
1714730657464 1.0862 1600
1714730815026 0.998 1610
1714730823766 0.936 1620
1714730832466 0.9474 1630
1714730841252 0.8429 1640
1714730850007 1.0567 1650
1714730858784 1.1972 1660
1714730867543 0.9059 1670
1714730876164 1.0077 1680
1714730884822 0.8268 1690
1714730893378 1.1221 1700
1714731045457 0.9652 1710
1714731053844 1.0529 1720
1714731062091 0.9023 1730
1714731070511 1.061 1740
1714731079018 0.884 1750
1714731087313 0.9471 1760
1714731095761 1.0086 1770
1714731104707 0.8558 1780
1714731113500 0.84 1790
1714731122287 0.9659 1800
1714731275861 0.8018 1810
1714731283877 0.7749 1820
1714731291906 0.8692 1830
1714731300021 0.766 1840
1714731308255 1.0809 1850
1714731316564 0.9025 1860
1714731324872 0.8354 1870
1714731333221 0.9438 1880
1714731341558 1.0578 1890
1714731349728 0.9572 1900
1714731501664 0.9942 1910
1714731510414 0.8715 1920
1714731519221 1.044 1930
1714731528067 0.8468 1940
1714731536906 0.7457 1950
1714731545789 0.9441 1960
1714731554598 0.8619 1970
1714731563443 1.0055 1980
1714731572365 0.9955 1990
1714731581251 0.8855 2000
1714731738972 0.9766 2010
1714731747926 0.9162 2020
1714731756812 0.8884 2030
1714731765729 0.8263 2040
1714731774613 0.7985 2050
1714731783480 1.0166 2060
1714731792333 0.8072 2070
1714731801242 0.962 2080
1714731810111 0.8189 2090
1714731819042 0.7946 2100
1714731971199 0.7516 2110
1714731979523 0.9509 2120
1714731987970 0.9284 2130
1714731996519 0.8408 2140
1714732004998 0.8468 2150
1714732013534 1.0556 2160
1714732021992 0.9253 2170
1714732030576 0.9202 2180
1714732039086 0.8812 2190
1714732047295 0.7815 2200
1714732200245 0.8882 2210
1714732208772 0.9223 2220
1714732217306 0.8285 2230
1714732225897 0.7475 2240
1714732234549 0.7697 2250
1714732243090 0.8352 2260
1714732251663 0.8764 2270
1714732260258 0.9497 2280
1714732268866 1.008 2290
1714732277432 0.7931 2300
1714732430736 0.7491 2310
1714732438603 1.0372 2320
1714732446673 0.8415 2330
1714732454873 0.7772 2340
1714732463448 0.791 2350
1714732471652 0.8466 2360
1714732479819 0.6999 2370
1714732487816 0.7481 2380
1714732495918 0.6293 2390
1714732503904 0.9326 2400
1714732654511 0.6463 2410
1714732662938 0.9574 2420
1714732671472 0.7502 2430
1714732679970 0.7942 2440
1714732688431 0.7725 2450
1714732696966 0.8435 2460
1714732705452 0.7926 2470
1714732714048 0.9176 2480
1714732722559 0.7868 2490
1714732731077 0.7744 2500
1714732879728 0.876 2510
1714732887349 0.8435 2520
1714732894973 0.7832 2530
1714732902574 0.8165 2540
1714732910175 0.8339 2550
1714732917788 0.6785 2560
1714732925410 0.897 2570
1714732933042 0.7514 2580
1714732940653 0.8144 2590
1714732947676 0.6377 2600
1714733097493 0.4458 2610
1714733105879 0.4511 2620
1714733114211 0.3782 2630
1714733122500 0.5127 2640
1714733130560 0.3502 2650
1714733139102 0.3825 2660
1714733147551 0.3542 2670
1714733156183 0.4907 2680
1714733164736 0.5296 2690
1714733172768 0.4455 2700
1714733324115 0.4515 2710
1714733332561 0.3726 2720
1714733340965 0.4573 2730
1714733349472 0.4592 2740
1714733357974 0.3504 2750
1714733366425 0.3681 2760
1714733374871 0.4834 2770
1714733383268 0.3904 2780
1714733391584 0.4291 2790
1714733399950 0.4271 2800
1714733551312 0.3442 2810
1714733559689 0.3402 2820
1714733567998 0.4494 2830
1714733576256 0.4973 2840
1714733584419 0.4496 2850
1714733592593 0.4374 2860
1714733600849 0.526 2870
1714733609172 0.4634 2880
1714733617482 0.5555 2890
1714733625736 0.4709 2900
1714733773517 0.4594 2910
1714733781898 0.3738 2920
1714733789866 0.4244 2930
1714733797704 0.4198 2940
1714733805896 0.4327 2950
1714733814262 0.3786 2960
1714733822632 0.4934 2970
1714733830490 0.6253 2980
1714733838382 0.4265 2990
1714733846180 0.4704 3000
1714733982428 0.4482 3010
1714733989811 0.5795 3020
1714733997223 0.4485 3030
1714734004604 0.3761 3040
1714734011995 0.441 3050
1714734019436 0.4183 3060
1714734026847 0.345 3070
1714734034265 0.4669 3080
1714734041667 0.4866 3090
1714734049062 0.5661 3100
1714734180977 0.5028 3110
1714734188355 0.2951 3120
1714734195740 0.3449 3130
1714734203130 0.2969 3140
1714734210518 0.3827 3150
1714734217921 0.438 3160
1714734225305 0.5048 3170
1714734232711 0.4632 3180
1714734240098 0.4305 3190
1714734247496 0.4181 3200
1714734378264 0.4957 3210
1714734385639 0.4871 3220
1714734393014 0.466 3230
1714734400428 0.446 3240
1714734407822 0.3699 3250
1714734415238 0.3411 3260
1714734422655 0.4167 3270
1714734430057 0.3056 3280
1714734437439 0.3798 3290
1714734444826 0.4098 3300
1714734577697 0.3675 3310
1714734585097 0.4606 3320
1714734592492 0.5193 3330
1714734599880 0.3119 3340
1714734607278 0.3065 3350
1714734614679 0.3165 3360
1714734622069 0.4521 3370
1714734629476 0.4587 3380
1714734636873 0.3575 3390
1714734644270 0.329 3400
1714734777437 0.2998 3410
1714734784833 0.2381 3420
1714734792222 0.3201 3430
1714734799644 0.4286 3440
1714734807050 0.3866 3450
1714734814450 0.3649 3460
1714734821864 0.4076 3470
1714734829257 0.4993 3480
1714734836664 0.3129 3490
1714734844076 0.3045 3500
1714734978366 0.3763 3510
1714734985766 0.4504 3520
1714734993178 0.421 3530
1714735000578 0.5036 3540
1714735007978 0.4201 3550
1714735015406 0.389 3560
1714735022838 0.387 3570
1714735030254 0.3719 3580
1714735037670 0.5184 3590
1714735045081 0.353 3600
1714735177781 0.3119 3610
1714735185183 0.5121 3620
1714735192598 0.5475 3630
1714735200028 0.3463 3640
1714735207425 0.4636 3650
1714735214819 0.3687 3660
1714735222235 0.4509 3670
1714735229657 0.4334 3680
1714735237059 0.4243 3690
1714735244465 0.3961 3700
1714735377666 0.4221 3710
1714735385065 0.321 3720
1714735392472 0.4359 3730
1714735399883 0.3405 3740
1714735407271 0.3752 3750
1714735414684 0.3688 3760
1714735422074 0.3811 3770
1714735429465 0.3504 3780
1714735436848 0.3058 3790
1714735444242 0.4646 3800
1714735581202 0.3143 3810
1714735588880 0.383 3820
1714735596585 0.2886 3830
1714735604259 0.4354 3840
1714735611944 0.3955 3850
1714735619630 0.3371 3860
1714735627327 0.3798 3870
1714735635030 0.3779 3880
1714735642710 0.3141 3890
1714735649866 0.2792 3900
1714735791042 0.1839 3910
1714735798738 0.1472 3920
1714735806451 0.1961 3930
1714735814142 0.1677 3940
1714735821836 0.1457 3950
1714735829533 0.1079 3960
1714735837251 0.1648 3970
1714735845025 0.1804 3980
1714735853455 0.1784 3990
1714735861651 0.1886 4000
1714736004963 0.1303 4010
1714736012890 0.1783 4020
1714736021108 0.0866 4030
1714736029242 0.2119 4040
1714736037091 0.1721 4050
1714736044794 0.2565 4060
1714736052502 0.1844 4070
1714736060197 0.1503 4080
1714736067895 0.125 4090
1714736075626 0.147 4100
1714736232219 0.1608 4110
1714736240998 0.1387 4120
1714736250053 0.1179 4130
1714736260155 0.201 4140
1714736270147 0.1575 4150
1714736280306 0.1142 4160
1714736289670 0.1212 4170
1714736298533 0.1649 4180
1714736307367 0.1794 4190
1714736316156 0.2341 4200
1714736482662 0.1692 4210
1714736491614 0.2468 4220
1714736500994 0.2188 4230
1714736509790 0.1164 4240
1714736518631 0.1783 4250
1714736527501 0.1234 4260
1714736536332 0.1322 4270
1714736545136 0.099 4280
1714736553940 0.1889 4290
1714736562764 0.2198 4300
1714736724809 0.1282 4310
1714736733481 0.1365 4320
1714736742170 0.1455 4330
1714736750833 0.1349 4340
1714736759499 0.1968 4350
1714736768393 0.2151 4360
1714736777299 0.1252 4370
1714736785967 0.125 4380
1714736794658 0.162 4390
1714736803324 0.1505 4400
1714736969744 0.1485 4410
1714736978431 0.1576 4420
1714736987106 0.097 4430
1714736995772 0.1952 4440
1714737004576 0.1584 4450
1714737013354 0.1787 4460
1714737022263 0.2191 4470
1714737030979 0.1106 4480
1714737039779 0.134 4490
1714737048495 0.1568 4500
1714737209938 0.1368 4510
1714737219326 0.102 4520
1714737228707 0.2237 4530
1714737237884 0.1322 4540
1714737246802 0.1972 4550
1714737255561 0.1603 4560
1714737264226 0.1612 4570
1714737272893 0.1608 4580
1714737281688 0.1237 4590
1714737290600 0.1526 4600
1714737453919 0.1535 4610
1714737462564 0.1313 4620
1714737471221 0.1325 4630
1714737479892 0.1398 4640
1714737488558 0.1281 4650
1714737497280 0.128 4660
1714737505933 0.0905 4670
1714737514628 0.1258 4680
1714737523367 0.1371 4690
1714737532038 0.1307 4700
1714737726071 0.1665 4710
1714737736807 0.1497 4720
1714737747506 0.1361 4730
1714737758433 0.075 4740
1714737769647 0.1026 4750
1714737780646 0.1082 4760
1714737791385 0.1306 4770
1714737802112 0.0972 4780
1714737812846 0.21 4790
1714737823562 0.2144 4800
1714738008389 0.2368 4810
1714738019087 0.1652 4820
1714738029755 0.0914 4830
1714738040422 0.0799 4840
1714738051159 0.2239 4850
1714738061873 0.1458 4860
1714738072541 0.1178 4870
1714738083230 0.0856 4880
1714738093971 0.1207 4890
1714738104640 0.1436 4900
1714738282599 0.1367 4910
1714738290728 0.0915 4920
1714738298956 0.2166 4930
1714738307183 0.1293 4940
1714738315777 0.1542 4950
1714738324378 0.1162 4960
1714738332822 0.2628 4970
1714738341252 0.1814 4980
1714738349680 0.1709 4990
1714738358186 0.1454 5000
1714738515114 0.1839 5010
1714738524113 0.107 5020
1714738532401 0.0884 5030
1714738540740 0.1501 5040
1714738549144 0.1602 5050
1714738557467 0.1012 5060
1714738565757 0.1288 5070
1714738573967 0.1077 5080
1714738582230 0.1094 5090
1714738590484 0.1687 5100
1714738741306 0.1213 5110
1714738749648 0.1521 5120
1714738757952 0.1118 5130
1714738766226 0.1504 5140
1714738774565 0.2054 5150
1714738782910 0.0879 5160
1714738791241 0.1071 5170
1714738799621 0.1057 5180
